-0.109774 0.256361 0.548007 -0.572998 0.0268883 0.805968 0.146168 
-0.131449 0.193237 0.564233 -0.52635 0.21689 0.718126 0.400262 
-0.231816 0.124632 0.555254 -0.460964 0.35738 0.587491 0.560933 
-0.33588 0.191345 0.545684 -0.263604 0.489121 0.369811 0.744657 
-0.387852 0.266021 0.545784 -0.143484 0.567869 0.184582 0.789219 
-0.123838 0.483817 0.535105 -0.488389 -0.248686 0.741998 -0.386097 
-0.184733 0.517346 0.547439 0.399364 0.369398 -0.665103 0.511557 
-0.15359 0.428797 0.563645 -0.417507 -0.464698 0.616246 -0.479567 
-0.0636517 0.302833 0.56861 -0.56092 -0.01881 0.827048 -0.0317213 
-0.0525656 0.177944 0.54257 -0.569619 0.0016476 0.820878 0.0411161 
-0.0467698 0.256132 0.542594 -0.547134 0.00760164 0.835465 0.0508327 
-0.017357 0.421611 0.533624 -0.547965 -0.0182731 0.835886 0.0263723 
-0.0916754 0.28521 0.551374 -0.581061 -0.0392436 0.812907 0.00311646 
-0.094661 0.472746 0.562903 -0.577137 -0.0413285 0.808521 -0.107234 
-0.158591 0.079608 0.560966 -0.518468 0.00801404 0.807017 0.282579 
-0.286347 0.0895898 0.563674 -0.361315 0.370023 0.545362 0.659632 
-0.327724 0.199717 0.559241 -0.202394 0.50743 0.296053 0.78352 
-0.396441 0.214668 0.571329 -0.392116 0.35937 0.412364 0.739631 
-0.408993 0.124581 0.564238 -0.392091 0.345065 0.43146 0.735552 
-0.166362 0.144529 0.560498 -0.216469 0.524891 0.516898 0.640662 
