1.9 0 0 2 0.0333 0.4367 
1.9333 0 0 2 0.0732 0.3635 
1.9391 -0.073 0 2 0.0732 0.2903 
1.9562 -0.1442 0 2 0.0333 0.2569 
1.9879 -0.1339 0 2 0.0333 0.2236 
2.0196 -0.1236 0 2 0.0333 0.1903 
2.0513 -0.1133 0 2 0.0333 0.1569 
2.083 -0.103 0 2 0.0523 0.1046 
2.103 -0.1513 0 2 0.0523 0.0523 
2.1303 -0.1959 0 2 0.0523 0 
2.1643 -0.2357 0 2 0 0 
2.296 -0.8609 0 8 0 0.5091 
2.296 -0.8609 0 8 0.1045 0.4045 
2.1966 -0.8932 0 8 0.1045 0.3 
2.1061 -0.9455 0 8 0.05 0.25 
2.1355 -0.9859 0 8 0.05 0.2 
2.1649 -1.0264 0 8 0.05 0.15 
2.1943 -1.0668 0 8 0.05 0.1 
2.2237 -1.1073 0 8 0.05 0.05 
2.2531 -1.1477 0 8 0.05 0 
2.2824 -1.1882 0 8 0 0 
1.6045 -1.6061 0 6 0.075 0.3345 
1.5438 -1.6502 0 6 0.075 0.2595 
1.4832 -1.6943 0 6 0.1095 0.15 
1.4057 -1.6168 0 6 0.075 0.075 
1.3616 -1.6775 0 6 0.075 0 
1.3176 -1.7382 0 6 0 0 
0.4755 -1.5045 0 7 0.05 0.4404 
0.428 -1.4891 0 7 0.0941 0.3463 
0.3897 -1.575 0 7 0.0941 0.2523 
0.3344 -1.6511 0 7 0.05 0.2023 
0.2973 -1.6177 0 7 0.05 0.1523 
0.2601 -1.5842 0 7 0.05 0.1023 
0.2229 -1.5507 0 7 0.05 0.0523 
0.1858 -1.5173 0 7 0.0523 0 
0.1469 -1.5523 0 7 0 0 
0.0782 -2.2062 0 4 0.0333 0.4301 
0.073 -2.2391 0 4 0.0732 0.3569 
0.1442 -2.2562 0 4 0.0732 0.2837 
0.2119 -2.2842 0 4 0.0333 0.2504 
0.1967 -2.3139 0 4 0.0333 0.217 
0.1816 -2.3436 0 4 0.0333 0.1837 
0.1665 -2.3733 0 4 0.0333 0.1504 
0.1513 -2.403 0 4 0.0333 0.117 
0.1362 -2.4327 0 4 0.0333 0.0837 
0.1211 -2.4624 0 4 0.0418 0.0418 
0.1567 -2.4843 0 4 0.0418 0 
0.1886 -2.5114 0 4 0 0 
