-0.0382 0.3631 0.2815
0.0912 0.3801 0.2815
0.2118 0.4301 0.2815
0.3154 0.5095 0.2815
0.3948 0.6131 0.2815
0.4448 0.7337 0.2815
0.4618 0.8631 0.2815
0.4448 0.9925 0.2815
0.3948 1.1131 0.2815
0.3154 1.2167 0.2815
0.2118 1.2961 0.2815
0.0912 1.3461 0.2815
-0.0382 1.3631 0.2815
-0.1676 1.3461 0.2815
-0.2882 1.2961 0.2815
-0.3918 1.2167 0.2815
-0.4712 1.1131 0.2815
-0.5212 0.9925 0.2815
-0.5382 0.8631 0.2815
-0.5212 0.7337 0.2815
-0.4712 0.6131 0.2815
-0.3918 0.5095 0.2815
-0.2882 0.4301 0.2815
-0.1676 0.3801 0.2815
