0.0188 -0.7835 0.2634
0.1482 -0.7665 0.2634
0.2688 -0.7165 0.2634
0.3724 -0.6371 0.2634
0.4518 -0.5335 0.2634
0.5018 -0.4129 0.2634
0.5188 -0.2835 0.2634
0.5018 -0.1541 0.2634
0.4518 -0.0335 0.2634
0.3724 0.0701 0.2634
0.2688 0.1495 0.2634
0.1482 0.1995 0.2634
0.0188 0.2165 0.2634
-0.1106 0.1995 0.2634
-0.2312 0.1495 0.2634
-0.3348 0.0701 0.2634
-0.4142 -0.0335 0.2634
-0.4642 -0.1541 0.2634
-0.4812 -0.2835 0.2634
-0.4642 -0.4129 0.2634
-0.4142 -0.5335 0.2634
-0.3348 -0.6371 0.2634
-0.2312 -0.7165 0.2634
-0.1106 -0.7665 0.2634
