2.3218 -0.4938 0.0000 2.0000 0.0333 0.4301
2.3270 -0.4609 0.0000 2.0000 0.0732 0.3569
2.2558 -0.4438 0.0000 2.0000 0.0732 0.2837
2.1881 -0.4158 0.0000 2.0000 0.0333 0.2504
2.2033 -0.3861 0.0000 2.0000 0.0333 0.2170
2.2184 -0.3564 0.0000 2.0000 0.0333 0.1837
2.2335 -0.3267 0.0000 2.0000 0.0333 0.1504
2.2487 -0.2970 0.0000 2.0000 0.0333 0.1170
2.2638 -0.2673 0.0000 2.0000 0.0333 0.0837
2.2789 -0.2376 0.0000 2.0000 0.0418 0.0418
2.2433 -0.2157 0.0000 2.0000 0.0418 0.0000
2.2114 -0.1886 0.0000 2.0000 0.0000 0.0000
