2.4000 -0.5000 0.0000 2.0000 0.0333 0.4301
2.4000 -0.4667 0.0000 2.0000 0.0732 0.3569
2.3270 -0.4609 0.0000 2.0000 0.0732 0.2837
2.2558 -0.4438 0.0000 2.0000 0.0333 0.2504
2.2661 -0.4121 0.0000 2.0000 0.0333 0.2170
2.2764 -0.3804 0.0000 2.0000 0.0333 0.1837
2.2867 -0.3487 0.0000 2.0000 0.0333 0.1504
2.2970 -0.3170 0.0000 2.0000 0.0333 0.1170
2.3073 -0.2853 0.0000 2.0000 0.0333 0.0837
2.3176 -0.2536 0.0000 2.0000 0.0418 0.0418
2.2789 -0.2376 0.0000 2.0000 0.0418 0.0000
2.2433 -0.2157 0.0000 2.0000 0.0000 0.0000
