1.9245 -2.5455 0.0000 3.0000 0.0333 0.4131
1.9562 -2.5558 0.0000 3.0000 0.0732 0.3399
1.9391 -2.6270 0.0000 3.0000 0.0732 0.2667
1.9333 -2.7000 0.0000 3.0000 0.0333 0.2333
1.9667 -2.7000 0.0000 3.0000 0.0333 0.2000
2.0000 -2.7000 0.0000 3.0000 0.0333 0.1667
2.0333 -2.7000 0.0000 3.0000 0.0333 0.1333
2.0667 -2.7000 0.0000 3.0000 0.0333 0.1000
2.1000 -2.7000 0.0000 3.0000 0.0333 0.0667
2.1333 -2.7000 0.0000 3.0000 0.0333 0.0333
2.1667 -2.7000 0.0000 3.0000 0.0333 0.0000
2.2000 -2.7000 0.0000 3.0000 0.0000 0.0000
