2.1730 -0.4455 0.0000 2.0000 0.0333 0.4131
2.1881 -0.4158 0.0000 2.0000 0.0732 0.3399
2.2558 -0.4438 0.0000 2.0000 0.0732 0.2667
2.3270 -0.4609 0.0000 2.0000 0.0333 0.2333
2.3322 -0.4280 0.0000 2.0000 0.0333 0.2000
2.3374 -0.3951 0.0000 2.0000 0.0333 0.1667
2.3426 -0.3622 0.0000 2.0000 0.0333 0.1333
2.3479 -0.3292 0.0000 2.0000 0.0333 0.1000
2.3531 -0.2963 0.0000 2.0000 0.0333 0.0667
2.3583 -0.2634 0.0000 2.0000 0.0333 0.0333
2.3635 -0.2305 0.0000 2.0000 0.0333 0.0000
2.3687 -0.1975 0.0000 2.0000 0.0000 0.0000
