0.1545 -2.2245 0.0000 4.0000 0.0333 0.4131
0.1442 -2.2562 0.0000 4.0000 0.0732 0.3399
0.0730 -2.2391 0.0000 4.0000 0.0732 0.2667
0.0000 -2.2333 0.0000 4.0000 0.0333 0.2333
0.0000 -2.2667 0.0000 4.0000 0.0333 0.2000
0.0000 -2.3000 0.0000 4.0000 0.0333 0.1667
0.0000 -2.3333 0.0000 4.0000 0.0333 0.1333
0.0000 -2.3667 0.0000 4.0000 0.0333 0.1000
0.0000 -2.4000 0.0000 4.0000 0.0333 0.0667
0.0000 -2.4333 0.0000 4.0000 0.0333 0.0333
0.0000 -2.4667 0.0000 4.0000 0.0333 0.0000
0.0000 -2.5000 0.0000 4.0000 0.0000 0.0000
