0.4938 -0.0782 0.0000 1.0000 0.0333 0.4301
0.4609 -0.0730 0.0000 1.0000 0.0732 0.3569
0.4438 -0.1442 0.0000 1.0000 0.0732 0.2837
0.4158 -0.2119 0.0000 1.0000 0.0333 0.2504
0.3861 -0.1967 0.0000 1.0000 0.0333 0.2170
0.3564 -0.1816 0.0000 1.0000 0.0333 0.1837
0.3267 -0.1665 0.0000 1.0000 0.0333 0.1504
0.2970 -0.1513 0.0000 1.0000 0.0333 0.1170
0.2673 -0.1362 0.0000 1.0000 0.0333 0.0837
0.2376 -0.1211 0.0000 1.0000 0.0418 0.0418
0.2157 -0.1567 0.0000 1.0000 0.0418 0.0000
0.1886 -0.1886 0.0000 1.0000 0.0000 0.0000
