1.9000 -2.7000 0.0000 3.0000 0.0333 0.4301
1.9333 -2.7000 0.0000 3.0000 0.0732 0.3569
1.9391 -2.6270 0.0000 3.0000 0.0732 0.2837
1.9562 -2.5558 0.0000 3.0000 0.0333 0.2504
1.9879 -2.5661 0.0000 3.0000 0.0333 0.2170
2.0196 -2.5764 0.0000 3.0000 0.0333 0.1837
2.0513 -2.5867 0.0000 3.0000 0.0333 0.1504
2.0830 -2.5970 0.0000 3.0000 0.0333 0.1170
2.1147 -2.6073 0.0000 3.0000 0.0333 0.0837
2.1464 -2.6176 0.0000 3.0000 0.0418 0.0418
2.1624 -2.5789 0.0000 3.0000 0.0418 0.0000
2.1843 -2.5433 0.0000 3.0000 0.0000 0.0000
