0.0000 -2.2000 0.0000 4.0000 0.0333 0.4301
0.0000 -2.2333 0.0000 4.0000 0.0732 0.3569
0.0730 -2.2391 0.0000 4.0000 0.0732 0.2837
0.1442 -2.2562 0.0000 4.0000 0.0333 0.2504
0.1339 -2.2879 0.0000 4.0000 0.0333 0.2170
0.1236 -2.3196 0.0000 4.0000 0.0333 0.1837
0.1133 -2.3513 0.0000 4.0000 0.0333 0.1504
0.1030 -2.3830 0.0000 4.0000 0.0333 0.1170
0.0927 -2.4147 0.0000 4.0000 0.0333 0.0837
0.0824 -2.4464 0.0000 4.0000 0.0418 0.0418
0.1211 -2.4624 0.0000 4.0000 0.0418 0.0000
0.1567 -2.4843 0.0000 4.0000 0.0000 0.0000
