0.2270 -2.2545 0.0000 4.0000 0.0333 0.4131
0.2119 -2.2842 0.0000 4.0000 0.0732 0.3399
0.1442 -2.2562 0.0000 4.0000 0.0732 0.2667
0.0730 -2.2391 0.0000 4.0000 0.0333 0.2333
0.0678 -2.2720 0.0000 4.0000 0.0333 0.2000
0.0626 -2.3049 0.0000 4.0000 0.0333 0.1667
0.0574 -2.3378 0.0000 4.0000 0.0333 0.1333
0.0521 -2.3708 0.0000 4.0000 0.0333 0.1000
0.0469 -2.4037 0.0000 4.0000 0.0333 0.0667
0.0417 -2.4366 0.0000 4.0000 0.0333 0.0333
0.0365 -2.4695 0.0000 4.0000 0.0333 0.0000
0.0313 -2.5025 0.0000 4.0000 0.0000 0.0000
