1.9062 -2.6218 0.0000 3.0000 0.0333 0.4301
1.9391 -2.6270 0.0000 3.0000 0.0732 0.3569
1.9562 -2.5558 0.0000 3.0000 0.0732 0.2837
1.9842 -2.4881 0.0000 3.0000 0.0333 0.2504
2.0139 -2.5033 0.0000 3.0000 0.0333 0.2170
2.0436 -2.5184 0.0000 3.0000 0.0333 0.1837
2.0733 -2.5335 0.0000 3.0000 0.0333 0.1504
2.1030 -2.5487 0.0000 3.0000 0.0333 0.1170
2.1327 -2.5638 0.0000 3.0000 0.0333 0.0837
2.1624 -2.5789 0.0000 3.0000 0.0418 0.0418
2.1843 -2.5433 0.0000 3.0000 0.0418 0.0000
2.2114 -2.5114 0.0000 3.0000 0.0000 0.0000
