0.4045 -0.2939 0.0000 1.0000 0.0333 0.4131
0.3775 -0.2743 0.0000 1.0000 0.0732 0.3399
0.4158 -0.2119 0.0000 1.0000 0.0732 0.2667
0.4438 -0.1442 0.0000 1.0000 0.0333 0.2333
0.4121 -0.1339 0.0000 1.0000 0.0333 0.2000
0.3804 -0.1236 0.0000 1.0000 0.0333 0.1667
0.3487 -0.1133 0.0000 1.0000 0.0333 0.1333
0.3170 -0.1030 0.0000 1.0000 0.0333 0.1000
0.2853 -0.0927 0.0000 1.0000 0.0333 0.0667
0.2536 -0.0824 0.0000 1.0000 0.0333 0.0333
0.2219 -0.0721 0.0000 1.0000 0.0333 0.0000
0.1902 -0.0618 0.0000 1.0000 0.0000 0.0000
