0.2939 -2.2955 0.0000 4.0000 0.0333 0.4131
0.2743 -2.3225 0.0000 4.0000 0.0732 0.3399
0.2119 -2.2842 0.0000 4.0000 0.0732 0.2667
0.1442 -2.2562 0.0000 4.0000 0.0333 0.2333
0.1339 -2.2879 0.0000 4.0000 0.0333 0.2000
0.1236 -2.3196 0.0000 4.0000 0.0333 0.1667
0.1133 -2.3513 0.0000 4.0000 0.0333 0.1333
0.1030 -2.3830 0.0000 4.0000 0.0333 0.1000
0.0927 -2.4147 0.0000 4.0000 0.0333 0.0667
0.0824 -2.4464 0.0000 4.0000 0.0333 0.0333
0.0721 -2.4781 0.0000 4.0000 0.0333 0.0000
0.0618 -2.5098 0.0000 4.0000 0.0000 0.0000
