0.4755 -0.1545 0.0000 1.0000 0.0333 0.4131
0.4438 -0.1442 0.0000 1.0000 0.0732 0.3399
0.4609 -0.0730 0.0000 1.0000 0.0732 0.2667
0.4667 -0.0000 0.0000 1.0000 0.0333 0.2333
0.4333 -0.0000 0.0000 1.0000 0.0333 0.2000
0.4000 -0.0000 0.0000 1.0000 0.0333 0.1667
0.3667 -0.0000 0.0000 1.0000 0.0333 0.1333
0.3333 -0.0000 0.0000 1.0000 0.0333 0.1000
0.3000 -0.0000 0.0000 1.0000 0.0333 0.0667
0.2667 -0.0000 0.0000 1.0000 0.0333 0.0333
0.2333 -0.0000 0.0000 1.0000 0.0333 0.0000
0.2000 -0.0000 0.0000 1.0000 0.0000 0.0000
