0.0782 -2.2062 0.0000 4.0000 0.0333 0.4301
0.0730 -2.2391 0.0000 4.0000 0.0732 0.3569
0.1442 -2.2562 0.0000 4.0000 0.0732 0.2837
0.2119 -2.2842 0.0000 4.0000 0.0333 0.2504
0.1967 -2.3139 0.0000 4.0000 0.0333 0.2170
0.1816 -2.3436 0.0000 4.0000 0.0333 0.1837
0.1665 -2.3733 0.0000 4.0000 0.0333 0.1504
0.1513 -2.4030 0.0000 4.0000 0.0333 0.1170
0.1362 -2.4327 0.0000 4.0000 0.0333 0.0837
0.1211 -2.4624 0.0000 4.0000 0.0418 0.0418
0.1567 -2.4843 0.0000 4.0000 0.0418 0.0000
0.1886 -2.5114 0.0000 4.0000 0.0000 0.0000
