1.9545 -2.4730 0.0000 3.0000 0.0333 0.4131
1.9842 -2.4881 0.0000 3.0000 0.0732 0.3399
1.9562 -2.5558 0.0000 3.0000 0.0732 0.2667
1.9391 -2.6270 0.0000 3.0000 0.0333 0.2333
1.9720 -2.6322 0.0000 3.0000 0.0333 0.2000
2.0049 -2.6374 0.0000 3.0000 0.0333 0.1667
2.0378 -2.6426 0.0000 3.0000 0.0333 0.1333
2.0708 -2.6479 0.0000 3.0000 0.0333 0.1000
2.1037 -2.6531 0.0000 3.0000 0.0333 0.0667
2.1366 -2.6583 0.0000 3.0000 0.0333 0.0333
2.1695 -2.6635 0.0000 3.0000 0.0333 0.0000
2.2025 -2.6687 0.0000 3.0000 0.0000 0.0000
