0.4455 -0.2270 0.0000 1.0000 0.0333 0.4131
0.4158 -0.2119 0.0000 1.0000 0.0732 0.3399
0.4438 -0.1442 0.0000 1.0000 0.0732 0.2667
0.4609 -0.0730 0.0000 1.0000 0.0333 0.2333
0.4280 -0.0678 0.0000 1.0000 0.0333 0.2000
0.3951 -0.0626 0.0000 1.0000 0.0333 0.1667
0.3622 -0.0574 0.0000 1.0000 0.0333 0.1333
0.3292 -0.0521 0.0000 1.0000 0.0333 0.1000
0.2963 -0.0469 0.0000 1.0000 0.0333 0.0667
0.2634 -0.0417 0.0000 1.0000 0.0333 0.0333
0.2305 -0.0365 0.0000 1.0000 0.0333 0.0000
0.1975 -0.0313 0.0000 1.0000 0.0000 0.0000
