2.1061 -0.4045 0.0000 2.0000 0.0333 0.4131
2.1257 -0.3775 0.0000 2.0000 0.0732 0.3399
2.1881 -0.4158 0.0000 2.0000 0.0732 0.2667
2.2558 -0.4438 0.0000 2.0000 0.0333 0.2333
2.2661 -0.4121 0.0000 2.0000 0.0333 0.2000
2.2764 -0.3804 0.0000 2.0000 0.0333 0.1667
2.2867 -0.3487 0.0000 2.0000 0.0333 0.1333
2.2970 -0.3170 0.0000 2.0000 0.0333 0.1000
2.3073 -0.2853 0.0000 2.0000 0.0333 0.0667
2.3176 -0.2536 0.0000 2.0000 0.0333 0.0333
2.3279 -0.2219 0.0000 2.0000 0.0333 0.0000
2.3382 -0.1902 0.0000 2.0000 0.0000 0.0000
