2.2455 -0.4755 0.0000 2.0000 0.0333 0.4131
2.2558 -0.4438 0.0000 2.0000 0.0732 0.3399
2.3270 -0.4609 0.0000 2.0000 0.0732 0.2667
2.4000 -0.4667 0.0000 2.0000 0.0333 0.2333
2.4000 -0.4333 0.0000 2.0000 0.0333 0.2000
2.4000 -0.4000 0.0000 2.0000 0.0333 0.1667
2.4000 -0.3667 0.0000 2.0000 0.0333 0.1333
2.4000 -0.3333 0.0000 2.0000 0.0333 0.1000
2.4000 -0.3000 0.0000 2.0000 0.0333 0.0667
2.4000 -0.2667 0.0000 2.0000 0.0333 0.0333
2.4000 -0.2333 0.0000 2.0000 0.0333 0.0000
2.4000 -0.2000 0.0000 2.0000 0.0000 0.0000
