1.9955 -2.4061 0.0000 3.0000 0.0333 0.4131
2.0225 -2.4257 0.0000 3.0000 0.0732 0.3399
1.9842 -2.4881 0.0000 3.0000 0.0732 0.2667
1.9562 -2.5558 0.0000 3.0000 0.0333 0.2333
1.9879 -2.5661 0.0000 3.0000 0.0333 0.2000
2.0196 -2.5764 0.0000 3.0000 0.0333 0.1667
2.0513 -2.5867 0.0000 3.0000 0.0333 0.1333
2.0830 -2.5970 0.0000 3.0000 0.0333 0.1000
2.1147 -2.6073 0.0000 3.0000 0.0333 0.0667
2.1464 -2.6176 0.0000 3.0000 0.0333 0.0333
2.1781 -2.6279 0.0000 3.0000 0.0333 0.0000
2.2098 -2.6382 0.0000 3.0000 0.0000 0.0000
