0.5000 -0.0000 0.0000 1.0000 0.0333 0.4301
0.4667 -0.0000 0.0000 1.0000 0.0732 0.3569
0.4609 -0.0730 0.0000 1.0000 0.0732 0.2837
0.4438 -0.1442 0.0000 1.0000 0.0333 0.2504
0.4121 -0.1339 0.0000 1.0000 0.0333 0.2170
0.3804 -0.1236 0.0000 1.0000 0.0333 0.1837
0.3487 -0.1133 0.0000 1.0000 0.0333 0.1504
0.3170 -0.1030 0.0000 1.0000 0.0333 0.1170
0.2853 -0.0927 0.0000 1.0000 0.0333 0.0837
0.2536 -0.0824 0.0000 1.0000 0.0418 0.0418
0.2376 -0.1211 0.0000 1.0000 0.0418 0.0000
0.2157 -0.1567 0.0000 1.0000 0.0000 0.0000
