-0.4501 -0.2984 0.1914 4.0000
-0.4905 -0.3776 0.1914 4.0000
-0.6226 -0.3229 0.1914 4.0000
-0.7616 -0.2895 0.1914 4.0000
-0.9041 -0.2783 0.1914 4.0000
-0.8998 0.5320 0.2026 1.0000
-0.8998 0.6209 0.2026 1.0000
-0.7573 0.6321 0.2026 1.0000
-0.6183 0.6655 0.2026 1.0000
-0.4862 0.7202 0.2026 1.0000
-0.5265 0.7994 0.2026 1.0000
-0.5669 0.8786 0.2026 1.0000
-0.6072 0.9578 0.2026 1.0000
-0.6476 1.0370 0.2026 1.0000
-0.6879 1.1162 0.2026 1.0000
-0.7283 1.1954 0.2026 1.0000
-0.6777 1.2264 0.2026 1.0000
0.5291 1.3562 0.2651 2.0000
0.6169 1.3701 0.2651 2.0000
0.6503 1.2311 0.2651 2.0000
0.7050 1.0990 0.2651 2.0000
0.7797 0.9771 0.2651 2.0000
0.8516 1.0293 0.2651 2.0000
0.9235 1.0816 0.2651 2.0000
0.9954 1.1338 0.2651 2.0000
1.0673 1.1861 0.2651 2.0000
1.1393 1.2383 0.2651 2.0000
1.2112 1.2905 0.2651 2.0000
1.2497 1.2455 0.2651 2.0000
1.3526 -0.1972 0.2511 3.0000
1.3665 -0.2850 0.2511 3.0000
1.2275 -0.3184 0.2511 3.0000
1.0954 -0.3731 0.2511 3.0000
0.9735 -0.4478 0.2511 3.0000
1.0257 -0.5197 0.2511 3.0000
1.0780 -0.5916 0.2511 3.0000
1.1302 -0.6635 0.2511 3.0000
1.1825 -0.7354 0.2511 3.0000
1.2347 -0.8074 0.2511 3.0000
1.2869 -0.8793 0.2511 3.0000
1.2419 -0.9178 0.2511 3.0000
