1.3526 -0.1972 0.2511 3.0000
1.3665 -0.2850 0.2511 3.0000
1.2275 -0.3184 0.2511 3.0000
1.0954 -0.3731 0.2511 3.0000
0.9735 -0.4478 0.2511 3.0000
1.0257 -0.5197 0.2511 3.0000
1.0780 -0.5916 0.2511 3.0000
1.1302 -0.6635 0.2511 3.0000
1.1825 -0.7354 0.2511 3.0000
1.2347 -0.8074 0.2511 3.0000
1.2869 -0.8793 0.2511 3.0000
1.2419 -0.9178 0.2511 3.0000
0.0836 -1.0330 0.1914 4.0000
-0.0042 -1.0469 0.1914 4.0000
-0.0376 -0.9079 0.1914 4.0000
-0.0923 -0.7758 0.1914 4.0000
-0.1670 -0.6539 0.1914 4.0000
-0.2389 -0.7061 0.1914 4.0000
-0.3108 -0.7584 0.1914 4.0000
-0.3827 -0.8106 0.1914 4.0000
-0.4546 -0.8629 0.1914 4.0000
-0.5266 -0.9151 0.1914 4.0000
-0.5985 -0.9673 0.1914 4.0000
-0.6370 -0.9223 0.1914 4.0000
-0.7434 0.5443 0.2026 1.0000
-0.7573 0.6321 0.2026 1.0000
-0.6183 0.6655 0.2026 1.0000
-0.4862 0.7202 0.2026 1.0000
-0.3643 0.7949 0.2026 1.0000
-0.4165 0.8668 0.2026 1.0000
-0.4688 0.9387 0.2026 1.0000
-0.5210 1.0106 0.2026 1.0000
-0.5733 1.0825 0.2026 1.0000
-0.6255 1.1545 0.2026 1.0000
-0.6777 1.2264 0.2026 1.0000
-0.6327 1.2649 0.2026 1.0000
0.5291 1.3562 0.2651 2.0000
0.6169 1.3701 0.2651 2.0000
0.6503 1.2311 0.2651 2.0000
0.7050 1.0990 0.2651 2.0000
0.7797 0.9771 0.2651 2.0000
0.8516 1.0293 0.2651 2.0000
0.9235 1.0816 0.2651 2.0000
0.9954 1.1338 0.2651 2.0000
1.0673 1.1861 0.2651 2.0000
1.1393 1.2383 0.2651 2.0000
1.2112 1.2905 0.2651 2.0000
1.2497 1.2455 0.2651 2.0000
