-0.0088 1.0780 0.2026 1.0000
-0.0880 1.1184 0.2026 1.0000
-0.0333 1.2505 0.2026 1.0000
0.0001 1.3895 0.2026 1.0000
0.0113 1.5320 0.2026 1.0000
0.5168 1.5126 0.2651 2.0000
0.6057 1.5126 0.2651 2.0000
0.6169 1.3701 0.2651 2.0000
0.6503 1.2311 0.2651 2.0000
0.7050 1.0990 0.2651 2.0000
0.7842 1.1393 0.2651 2.0000
0.8634 1.1797 0.2651 2.0000
0.9426 1.2200 0.2651 2.0000
1.0218 1.2604 0.2651 2.0000
1.1010 1.3007 0.2651 2.0000
1.1802 1.3411 0.2651 2.0000
1.2112 1.2905 0.2651 2.0000
1.3526 -0.1972 0.2511 3.0000
1.3665 -0.2850 0.2511 3.0000
1.2275 -0.3184 0.2511 3.0000
1.0954 -0.3731 0.2511 3.0000
0.9735 -0.4478 0.2511 3.0000
1.0257 -0.5197 0.2511 3.0000
1.0780 -0.5916 0.2511 3.0000
1.1302 -0.6635 0.2511 3.0000
1.1825 -0.7354 0.2511 3.0000
1.2347 -0.8074 0.2511 3.0000
1.2869 -0.8793 0.2511 3.0000
1.2419 -0.9178 0.2511 3.0000
0.0836 -1.0330 0.1914 4.0000
-0.0042 -1.0469 0.1914 4.0000
-0.0376 -0.9079 0.1914 4.0000
-0.0923 -0.7758 0.1914 4.0000
-0.1670 -0.6539 0.1914 4.0000
-0.2389 -0.7061 0.1914 4.0000
-0.3108 -0.7584 0.1914 4.0000
-0.3827 -0.8106 0.1914 4.0000
-0.4546 -0.8629 0.1914 4.0000
-0.5266 -0.9151 0.1914 4.0000
-0.5985 -0.9673 0.1914 4.0000
-0.6370 -0.9223 0.1914 4.0000
