0.6180 -0.7309 0.2511 3.0000
0.6972 -0.7713 0.2511 3.0000
0.6425 -0.9034 0.2511 3.0000
0.6091 -1.0424 0.2511 3.0000
0.5979 -1.1849 0.2511 3.0000
0.0959 -1.1894 0.1914 4.0000
0.0070 -1.1894 0.1914 4.0000
-0.0042 -1.0469 0.1914 4.0000
-0.0376 -0.9079 0.1914 4.0000
-0.0923 -0.7758 0.1914 4.0000
-0.1715 -0.8161 0.1914 4.0000
-0.2507 -0.8565 0.1914 4.0000
-0.3299 -0.8968 0.1914 4.0000
-0.4091 -0.9372 0.1914 4.0000
-0.4883 -0.9775 0.1914 4.0000
-0.5675 -1.0179 0.1914 4.0000
-0.5985 -0.9673 0.1914 4.0000
-0.7434 0.5443 0.2026 1.0000
-0.7573 0.6321 0.2026 1.0000
-0.6183 0.6655 0.2026 1.0000
-0.4862 0.7202 0.2026 1.0000
-0.3643 0.7949 0.2026 1.0000
-0.4165 0.8668 0.2026 1.0000
-0.4688 0.9387 0.2026 1.0000
-0.5210 1.0106 0.2026 1.0000
-0.5733 1.0825 0.2026 1.0000
-0.6255 1.1545 0.2026 1.0000
-0.6777 1.2264 0.2026 1.0000
-0.6327 1.2649 0.2026 1.0000
0.5291 1.3562 0.2651 2.0000
0.6169 1.3701 0.2651 2.0000
0.6503 1.2311 0.2651 2.0000
0.7050 1.0990 0.2651 2.0000
0.7797 0.9771 0.2651 2.0000
0.8516 1.0293 0.2651 2.0000
0.9235 1.0816 0.2651 2.0000
0.9954 1.1338 0.2651 2.0000
1.0673 1.1861 0.2651 2.0000
1.1393 1.2383 0.2651 2.0000
1.2112 1.2905 0.2651 2.0000
1.2497 1.2455 0.2651 2.0000
