0.5657 1.2036 0.2651 2.0000
0.6503 1.2311 0.2651 2.0000
0.7050 1.0990 0.2651 2.0000
0.7797 0.9771 0.2651 2.0000
0.8725 0.8683 0.2651 2.0000
0.0513 1.2230 0.2026 1.0000
-0.0333 1.2505 0.2026 1.0000
-0.0880 1.1184 0.2026 1.0000
-0.1627 0.9965 0.2026 1.0000
-0.2555 0.8877 0.2026 1.0000
-0.5951 -0.2383 0.1914 4.0000
-0.6226 -0.3229 0.1914 4.0000
-0.4905 -0.3776 0.1914 4.0000
-0.3686 -0.4523 0.1914 4.0000
-0.2598 -0.5451 0.1914 4.0000
-0.3227 -0.6080 0.1914 4.0000
-0.3856 -0.6709 0.1914 4.0000
-0.4484 -0.7337 0.1914 4.0000
-0.5113 -0.7966 0.1914 4.0000
-0.5741 -0.8594 0.1914 4.0000
-0.6370 -0.9223 0.1914 4.0000
-0.5985 -0.9673 0.1914 4.0000
-0.5675 -1.0179 0.1914 4.0000
0.5213 -1.0285 0.2511 3.0000
0.6091 -1.0424 0.2511 3.0000
0.6425 -0.9034 0.2511 3.0000
0.6972 -0.7713 0.2511 3.0000
0.7719 -0.6494 0.2511 3.0000
0.8438 -0.7016 0.2511 3.0000
0.9157 -0.7539 0.2511 3.0000
0.9876 -0.8061 0.2511 3.0000
1.0595 -0.8584 0.2511 3.0000
1.1315 -0.9106 0.2511 3.0000
1.2034 -0.9628 0.2511 3.0000
1.2419 -0.9178 0.2511 3.0000
1.2869 -0.8793 0.2511 3.0000
