1.2000 -0.2338 0.2511 3.0000
1.2275 -0.3184 0.2511 3.0000
1.0954 -0.3731 0.2511 3.0000
0.9735 -0.4478 0.2511 3.0000
0.8647 -0.5406 0.2511 3.0000
0.0470 -0.8804 0.1914 4.0000
-0.0376 -0.9079 0.1914 4.0000
-0.0923 -0.7758 0.1914 4.0000
-0.1670 -0.6539 0.1914 4.0000
-0.2598 -0.5451 0.1914 4.0000
-0.5908 0.5809 0.2026 1.0000
-0.6183 0.6655 0.2026 1.0000
-0.4862 0.7202 0.2026 1.0000
-0.3643 0.7949 0.2026 1.0000
-0.2555 0.8877 0.2026 1.0000
-0.3184 0.9506 0.2026 1.0000
-0.3813 1.0135 0.2026 1.0000
-0.4441 1.0763 0.2026 1.0000
-0.5070 1.1392 0.2026 1.0000
-0.5698 1.2020 0.2026 1.0000
-0.6327 1.2649 0.2026 1.0000
-0.5942 1.3099 0.2026 1.0000
0.5291 1.3562 0.2651 2.0000
0.6169 1.3701 0.2651 2.0000
0.6503 1.2311 0.2651 2.0000
0.7050 1.0990 0.2651 2.0000
0.7797 0.9771 0.2651 2.0000
0.8516 1.0293 0.2651 2.0000
0.9235 1.0816 0.2651 2.0000
0.9954 1.1338 0.2651 2.0000
1.0673 1.1861 0.2651 2.0000
1.1393 1.2383 0.2651 2.0000
1.2112 1.2905 0.2651 2.0000
1.2497 1.2455 0.2651 2.0000
