1.0628 0.6216 0.2651 2.0000
1.1032 0.7008 0.2651 2.0000
1.2353 0.6461 0.2651 2.0000
1.3743 0.6127 0.2651 2.0000
1.5168 0.6015 0.2651 2.0000
1.5090 -0.1849 0.2511 3.0000
1.5090 -0.2738 0.2511 3.0000
1.3665 -0.2850 0.2511 3.0000
1.2275 -0.3184 0.2511 3.0000
1.0954 -0.3731 0.2511 3.0000
1.1357 -0.4523 0.2511 3.0000
1.1761 -0.5315 0.2511 3.0000
1.2164 -0.6107 0.2511 3.0000
1.2568 -0.6899 0.2511 3.0000
1.2971 -0.7691 0.2511 3.0000
1.3375 -0.8483 0.2511 3.0000
1.2869 -0.8793 0.2511 3.0000
0.0836 -1.0330 0.1914 4.0000
-0.0042 -1.0469 0.1914 4.0000
-0.0376 -0.9079 0.1914 4.0000
-0.0923 -0.7758 0.1914 4.0000
-0.1670 -0.6539 0.1914 4.0000
-0.2389 -0.7061 0.1914 4.0000
-0.3108 -0.7584 0.1914 4.0000
-0.3827 -0.8106 0.1914 4.0000
-0.4546 -0.8629 0.1914 4.0000
-0.5266 -0.9151 0.1914 4.0000
-0.5985 -0.9673 0.1914 4.0000
-0.6370 -0.9223 0.1914 4.0000
-0.7434 0.5443 0.2026 1.0000
-0.7573 0.6321 0.2026 1.0000
-0.6183 0.6655 0.2026 1.0000
-0.4862 0.7202 0.2026 1.0000
-0.3643 0.7949 0.2026 1.0000
-0.4165 0.8668 0.2026 1.0000
-0.4688 0.9387 0.2026 1.0000
-0.5210 1.0106 0.2026 1.0000
-0.5733 1.0825 0.2026 1.0000
-0.6255 1.1545 0.2026 1.0000
-0.6777 1.2264 0.2026 1.0000
-0.6327 1.2649 0.2026 1.0000
