-0.3120 0.7230 0.2026 1.0000
-0.3643 0.7949 0.2026 1.0000
-0.2555 0.8877 0.2026 1.0000
-0.1627 0.9965 0.2026 1.0000
-0.0880 1.1184 0.2026 1.0000
0.5657 1.2036 0.2651 2.0000
0.6503 1.2311 0.2651 2.0000
0.7050 1.0990 0.2651 2.0000
0.7797 0.9771 0.2651 2.0000
0.8725 0.8683 0.2651 2.0000
1.2000 -0.2338 0.2511 3.0000
1.2275 -0.3184 0.2511 3.0000
1.0954 -0.3731 0.2511 3.0000
0.9735 -0.4478 0.2511 3.0000
0.8647 -0.5406 0.2511 3.0000
0.9276 -0.6035 0.2511 3.0000
0.9905 -0.6664 0.2511 3.0000
1.0533 -0.7292 0.2511 3.0000
1.1162 -0.7921 0.2511 3.0000
1.1790 -0.8549 0.2511 3.0000
1.2419 -0.9178 0.2511 3.0000
1.2034 -0.9628 0.2511 3.0000
0.0836 -1.0330 0.1914 4.0000
-0.0042 -1.0469 0.1914 4.0000
-0.0376 -0.9079 0.1914 4.0000
-0.0923 -0.7758 0.1914 4.0000
-0.1670 -0.6539 0.1914 4.0000
-0.2389 -0.7061 0.1914 4.0000
-0.3108 -0.7584 0.1914 4.0000
-0.3827 -0.8106 0.1914 4.0000
-0.4546 -0.8629 0.1914 4.0000
-0.5266 -0.9151 0.1914 4.0000
-0.5985 -0.9673 0.1914 4.0000
-0.6370 -0.9223 0.1914 4.0000
