1.5090 -0.1849 0.2511 3.0000
1.5090 -0.2738 0.2511 3.0000
1.3665 -0.2850 0.2511 3.0000
1.2275 -0.3184 0.2511 3.0000
1.0954 -0.3731 0.2511 3.0000
1.3604 0.5249 0.2651 2.0000
1.3743 0.6127 0.2651 2.0000
1.2353 0.6461 0.2651 2.0000
1.1032 0.7008 0.2651 2.0000
0.9813 0.7755 0.2651 2.0000
1.0335 0.8474 0.2651 2.0000
1.0858 0.9193 0.2651 2.0000
1.1380 0.9912 0.2651 2.0000
1.1903 1.0631 0.2651 2.0000
1.2425 1.1351 0.2651 2.0000
1.2947 1.2070 0.2651 2.0000
1.2497 1.2455 0.2651 2.0000
1.2112 1.2905 0.2651 2.0000
0.0879 1.3756 0.2026 1.0000
0.0001 1.3895 0.2026 1.0000
-0.0333 1.2505 0.2026 1.0000
-0.0880 1.1184 0.2026 1.0000
-0.1627 0.9965 0.2026 1.0000
-0.2346 1.0487 0.2026 1.0000
-0.3065 1.1010 0.2026 1.0000
-0.3784 1.1532 0.2026 1.0000
-0.4503 1.2055 0.2026 1.0000
-0.5223 1.2577 0.2026 1.0000
-0.5942 1.3099 0.2026 1.0000
-0.6327 1.2649 0.2026 1.0000
-0.6777 1.2264 0.2026 1.0000
-0.7477 -0.2017 0.1914 4.0000
-0.7616 -0.2895 0.1914 4.0000
-0.6226 -0.3229 0.1914 4.0000
-0.4905 -0.3776 0.1914 4.0000
-0.3686 -0.4523 0.1914 4.0000
-0.4208 -0.5242 0.1914 4.0000
-0.4731 -0.5961 0.1914 4.0000
-0.5253 -0.6680 0.1914 4.0000
-0.5776 -0.7399 0.1914 4.0000
-0.6298 -0.8119 0.1914 4.0000
-0.6820 -0.8838 0.1914 4.0000
-0.6370 -0.9223 0.1914 4.0000
-0.5985 -0.9673 0.1914 4.0000
