-0.8998 0.5320 0.2026 1.0000
-0.8998 0.6209 0.2026 1.0000
-0.7573 0.6321 0.2026 1.0000
-0.6183 0.6655 0.2026 1.0000
-0.4862 0.7202 0.2026 1.0000
-0.7477 -0.2017 0.1914 4.0000
-0.7616 -0.2895 0.1914 4.0000
-0.6226 -0.3229 0.1914 4.0000
-0.4905 -0.3776 0.1914 4.0000
-0.3686 -0.4523 0.1914 4.0000
-0.4208 -0.5242 0.1914 4.0000
-0.4731 -0.5961 0.1914 4.0000
-0.5253 -0.6680 0.1914 4.0000
-0.5776 -0.7399 0.1914 4.0000
-0.6298 -0.8119 0.1914 4.0000
-0.6820 -0.8838 0.1914 4.0000
-0.6370 -0.9223 0.1914 4.0000
-0.5985 -0.9673 0.1914 4.0000
0.5213 -1.0285 0.2511 3.0000
0.6091 -1.0424 0.2511 3.0000
0.6425 -0.9034 0.2511 3.0000
0.6972 -0.7713 0.2511 3.0000
0.7719 -0.6494 0.2511 3.0000
0.8438 -0.7016 0.2511 3.0000
0.9157 -0.7539 0.2511 3.0000
0.9876 -0.8061 0.2511 3.0000
1.0595 -0.8584 0.2511 3.0000
1.1315 -0.9106 0.2511 3.0000
1.2034 -0.9628 0.2511 3.0000
1.2419 -0.9178 0.2511 3.0000
1.2869 -0.8793 0.2511 3.0000
1.3604 0.5249 0.2651 2.0000
1.3743 0.6127 0.2651 2.0000
1.2353 0.6461 0.2651 2.0000
1.1032 0.7008 0.2651 2.0000
0.9813 0.7755 0.2651 2.0000
1.0335 0.8474 0.2651 2.0000
1.0858 0.9193 0.2651 2.0000
1.1380 0.9912 0.2651 2.0000
1.1903 1.0631 0.2651 2.0000
1.2425 1.1351 0.2651 2.0000
1.2947 1.2070 0.2651 2.0000
1.2497 1.2455 0.2651 2.0000
1.2112 1.2905 0.2651 2.0000
