0.2915 -0.8550 0.2000
0.4479 -0.8427 0.2000
0.6005 -0.8061 0.2000
0.7455 -0.7460 0.2000
0.8793 -0.6640 0.2000
0.9986 -0.5621 0.2000
1.1005 -0.4428 0.2000
1.1825 -0.3090 0.2000
1.2426 -0.1640 0.2000
1.2792 -0.0114 0.2000
1.2915 0.1450 0.2000
-0.7085 0.1450 0.2000
-0.6962 -0.0114 0.2000
-0.6596 -0.1640 0.2000
-0.5995 -0.3090 0.2000
-0.5175 -0.4428 0.2000
-0.4156 -0.5621 0.2000
-0.2963 -0.6640 0.2000
-0.1625 -0.7460 0.2000
-0.0175 -0.8061 0.2000
0.1351 -0.8427 0.2000
0.2915 -0.8550 0.2000
0.2915 1.1450 0.2000
0.1351 1.1327 0.2000
-0.0175 1.0961 0.2000
-0.1625 1.0360 0.2000
-0.2963 0.9540 0.2000
-0.4156 0.8521 0.2000
-0.5175 0.7328 0.2000
-0.5995 0.5990 0.2000
-0.6596 0.4540 0.2000
-0.6962 0.3014 0.2000
-0.7085 0.1450 0.2000
1.2915 0.1450 0.2000
1.2792 0.3014 0.2000
1.2426 0.4540 0.2000
1.1825 0.5990 0.2000
1.1005 0.7328 0.2000
0.9986 0.8521 0.2000
0.8793 0.9540 0.2000
0.7455 1.0360 0.2000
0.6005 1.0961 0.2000
0.4479 1.1327 0.2000
0.2915 1.1450 0.2000
