0.2915 -0.8550 0.2000 5.0000 0.0889 1.0215
0.2915 -0.7661 0.2000 5.0000 0.1430 0.8786
0.4340 -0.7549 0.2000 5.0000 0.1430 0.7356
0.5730 -0.7215 0.2000 5.0000 0.1430 0.5926
0.7051 -0.6668 0.2000 5.0000 0.0889 0.5037
0.6648 -0.5876 0.2000 5.0000 0.0889 0.4148
0.6244 -0.5084 0.2000 5.0000 0.0889 0.3259
0.5841 -0.4292 0.2000 5.0000 0.0889 0.2371
0.5437 -0.3500 0.2000 5.0000 0.0889 0.1482
0.5034 -0.2708 0.2000 5.0000 0.0889 0.0593
0.4630 -0.1916 0.2000 5.0000 0.0593 0.0000
0.5136 -0.1606 0.2000 5.0000 0.0000 0.0000
