0.0414 -0.7096 0.1994 4.0000 0.0889 1.0215
-0.0378 -0.7500 0.1994 4.0000 0.1430 0.8786
-0.1125 -0.6281 0.1994 4.0000 0.1430 0.7356
-0.2053 -0.5193 0.1994 4.0000 0.1430 0.5926
-0.3141 -0.4265 0.1994 4.0000 0.0889 0.5037
-0.3663 -0.4984 0.1994 4.0000 0.0889 0.4148
-0.4186 -0.5703 0.1994 4.0000 0.0889 0.3259
-0.4708 -0.6422 0.1994 4.0000 0.0889 0.2371
-0.5231 -0.7141 0.1994 4.0000 0.0889 0.1482
-0.5753 -0.7861 0.1994 4.0000 0.0889 0.0593
-0.6275 -0.8580 0.1994 4.0000 0.0593 0.0000
-0.6781 -0.8270 0.1994 4.0000 0.0000 0.0000
