0.4479 1.1327 0.2000 5.0000 0.0889 1.0808
0.4340 1.0449 0.2000 5.0000 0.1430 0.9378
0.5730 1.0115 0.2000 5.0000 0.1430 0.7949
0.7051 0.9568 0.2000 5.0000 0.1430 0.6519
0.8270 0.8821 0.2000 5.0000 0.0889 0.5630
0.7748 0.8102 0.2000 5.0000 0.0889 0.4741
0.7225 0.7383 0.2000 5.0000 0.0889 0.3852
0.6703 0.6664 0.2000 5.0000 0.0889 0.2963
0.6180 0.5945 0.2000 5.0000 0.0889 0.2074
0.5658 0.5225 0.2000 5.0000 0.0889 0.1186
0.5136 0.4506 0.2000 5.0000 0.0593 0.0593
0.5586 0.4121 0.2000 5.0000 0.0593 0.0000
0.5971 0.3671 0.2000 5.0000 0.0000 0.0000
