1.1005 0.7328 0.2000 5.0000 0.0889 1.0215
1.0286 0.6805 0.2000 5.0000 0.1430 0.8786
0.9358 0.7893 0.2000 5.0000 0.1430 0.7356
0.8270 0.8821 0.2000 5.0000 0.1430 0.5926
0.7051 0.9568 0.2000 5.0000 0.0889 0.5037
0.6648 0.8776 0.2000 5.0000 0.0889 0.4148
0.6244 0.7984 0.2000 5.0000 0.0889 0.3259
0.5841 0.7192 0.2000 5.0000 0.0889 0.2371
0.5437 0.6400 0.2000 5.0000 0.0889 0.1482
0.5034 0.5608 0.2000 5.0000 0.0889 0.0593
0.4630 0.4816 0.2000 5.0000 0.0593 0.0000
0.4082 0.5043 0.2000 5.0000 0.0000 0.0000
