1.1451 -0.2216 0.2595 3.0000 0.0889 1.0215
1.1726 -0.3062 0.2595 3.0000 0.1430 0.8786
1.0405 -0.3609 0.2595 3.0000 0.1430 0.7356
0.9186 -0.4356 0.2595 3.0000 0.1430 0.5926
0.8098 -0.5284 0.2595 3.0000 0.0889 0.5037
0.8727 -0.5913 0.2595 3.0000 0.0889 0.4148
0.9356 -0.6542 0.2595 3.0000 0.0889 0.3259
0.9984 -0.7170 0.2595 3.0000 0.0889 0.2371
1.0613 -0.7799 0.2595 3.0000 0.0889 0.1482
1.1241 -0.8427 0.2595 3.0000 0.0889 0.0593
1.1870 -0.9056 0.2595 3.0000 0.0593 0.0000
1.1485 -0.9506 0.2595 3.0000 0.0000 0.0000
