-0.1425 -0.4565 0.1994 4.0000 0.0889 1.0215
-0.2053 -0.5193 0.1994 4.0000 0.1430 0.8786
-0.3141 -0.4265 0.1994 4.0000 0.1430 0.7356
-0.4360 -0.3518 0.1994 4.0000 0.1430 0.5926
-0.5681 -0.2971 0.1994 4.0000 0.0889 0.5037
-0.5955 -0.3816 0.1994 4.0000 0.0889 0.4148
-0.6230 -0.4662 0.1994 4.0000 0.0889 0.3259
-0.6505 -0.5507 0.1994 4.0000 0.0889 0.2371
-0.6779 -0.6352 0.1994 4.0000 0.0889 0.1482
-0.7054 -0.7198 0.1994 4.0000 0.0889 0.0593
-0.7329 -0.8043 0.1994 4.0000 0.0593 0.0000
-0.7905 -0.7905 0.1994 4.0000 0.0000 0.0000
