1.2792 0.3014 0.2000 5.0000 0.0889 1.0215
1.1914 0.2875 0.2000 5.0000 0.1430 0.8786
1.1580 0.4265 0.2000 5.0000 0.1430 0.7356
1.1033 0.5586 0.2000 5.0000 0.1430 0.5926
1.0286 0.6805 0.2000 5.0000 0.0889 0.5037
0.9567 0.6283 0.2000 5.0000 0.0889 0.4148
0.8848 0.5760 0.2000 5.0000 0.0889 0.3259
0.8129 0.5238 0.2000 5.0000 0.0889 0.2371
0.7410 0.4715 0.2000 5.0000 0.0889 0.1482
0.6690 0.4193 0.2000 5.0000 0.0889 0.0593
0.5971 0.3671 0.2000 5.0000 0.0593 0.0000
0.5586 0.4121 0.2000 5.0000 0.0000 0.0000
