0.7455 -0.7460 0.2000 5.0000 0.0889 1.0215
0.7051 -0.6668 0.2000 5.0000 0.1430 0.8786
0.8270 -0.5921 0.2000 5.0000 0.1430 0.7356
0.9358 -0.4993 0.2000 5.0000 0.1430 0.5926
1.0286 -0.3905 0.2000 5.0000 0.0889 0.5037
0.9567 -0.3383 0.2000 5.0000 0.0889 0.4148
0.8848 -0.2860 0.2000 5.0000 0.0889 0.3259
0.8129 -0.2338 0.2000 5.0000 0.0889 0.2371
0.7410 -0.1815 0.2000 5.0000 0.0889 0.1482
0.6690 -0.1293 0.2000 5.0000 0.0889 0.0593
0.5971 -0.0771 0.2000 5.0000 0.0593 0.0000
0.6281 -0.0265 0.2000 5.0000 0.0000 0.0000
