-0.1625 -0.7460 0.2000 5.0000 0.0889 1.0511
-0.1221 -0.6668 0.2000 5.0000 0.1430 0.9082
0.0100 -0.7215 0.2000 5.0000 0.1430 0.7652
0.1490 -0.7549 0.2000 5.0000 0.1430 0.6222
0.2915 -0.7661 0.2000 5.0000 0.0889 0.5333
0.2915 -0.6772 0.2000 5.0000 0.0889 0.4444
0.2915 -0.5883 0.2000 5.0000 0.0889 0.3556
0.2915 -0.4994 0.2000 5.0000 0.0889 0.2667
0.2915 -0.4106 0.2000 5.0000 0.0889 0.1778
0.2915 -0.3217 0.2000 5.0000 0.0889 0.0889
0.2915 -0.2328 0.2000 5.0000 0.0889 0.0000
0.2915 -0.1439 0.2000 5.0000 0.0000 0.0000
