1.2915 0.1450 0.2000 5.0000 0.0889 1.0215
1.2026 0.1450 0.2000 5.0000 0.1430 0.8786
1.1914 0.2875 0.2000 5.0000 0.1430 0.7356
1.1580 0.4265 0.2000 5.0000 0.1430 0.5926
1.1033 0.5586 0.2000 5.0000 0.0889 0.5037
1.0241 0.5183 0.2000 5.0000 0.0889 0.4148
0.9449 0.4779 0.2000 5.0000 0.0889 0.3259
0.8657 0.4376 0.2000 5.0000 0.0889 0.2371
0.7865 0.3972 0.2000 5.0000 0.0889 0.1482
0.7073 0.3569 0.2000 5.0000 0.0889 0.0593
0.6281 0.3165 0.2000 5.0000 0.0593 0.0000
0.5971 0.3671 0.2000 5.0000 0.0000 0.0000
