0.2915 1.1450 0.2000 5.0000 0.0889 1.0215
0.2915 1.0561 0.2000 5.0000 0.1430 0.8786
0.1490 1.0449 0.2000 5.0000 0.1430 0.7356
0.0100 1.0115 0.2000 5.0000 0.1430 0.5926
-0.1221 0.9568 0.2000 5.0000 0.0889 0.5037
-0.0818 0.8776 0.2000 5.0000 0.0889 0.4148
-0.0414 0.7984 0.2000 5.0000 0.0889 0.3259
-0.0011 0.7192 0.2000 5.0000 0.0889 0.2371
0.0393 0.6400 0.2000 5.0000 0.0889 0.1482
0.0796 0.5608 0.2000 5.0000 0.0889 0.0593
0.1200 0.4816 0.2000 5.0000 0.0593 0.0000
0.0694 0.4506 0.2000 5.0000 0.0000 0.0000
