0.5631 -0.7187 0.2595 3.0000 0.0889 1.0511
0.6423 -0.7591 0.2595 3.0000 0.1430 0.9082
0.5876 -0.8912 0.2595 3.0000 0.1430 0.7652
0.5542 -1.0302 0.2595 3.0000 0.1430 0.6222
0.5430 -1.1727 0.2595 3.0000 0.0889 0.5333
0.6319 -1.1727 0.2595 3.0000 0.0889 0.4444
0.7208 -1.1727 0.2595 3.0000 0.0889 0.3556
0.8097 -1.1727 0.2595 3.0000 0.0889 0.2667
0.8985 -1.1727 0.2595 3.0000 0.0889 0.1778
0.9874 -1.1727 0.2595 3.0000 0.0889 0.0889
1.0763 -1.1727 0.2595 3.0000 0.0889 0.0000
1.1652 -1.1727 0.2595 3.0000 0.0000 0.0000
