0.2915 1.1450 0.2000 5.0000 0.0889 1.0808
0.2915 1.0561 0.2000 5.0000 0.1430 0.9378
0.4340 1.0449 0.2000 5.0000 0.1430 0.7949
0.5730 1.0115 0.2000 5.0000 0.1430 0.6519
0.7051 0.9568 0.2000 5.0000 0.0889 0.5630
0.6648 0.8776 0.2000 5.0000 0.0889 0.4741
0.6244 0.7984 0.2000 5.0000 0.0889 0.3852
0.5841 0.7192 0.2000 5.0000 0.0889 0.2963
0.5437 0.6400 0.2000 5.0000 0.0889 0.2074
0.5034 0.5608 0.2000 5.0000 0.0889 0.1186
0.4630 0.4816 0.2000 5.0000 0.0593 0.0593
0.5136 0.4506 0.2000 5.0000 0.0593 0.0000
0.5586 0.4121 0.2000 5.0000 0.0000 0.0000
