0.8793 0.9540 0.2000 5.0000 0.0889 1.0215
0.8270 0.8821 0.2000 5.0000 0.1430 0.8786
0.7051 0.9568 0.2000 5.0000 0.1430 0.7356
0.5730 1.0115 0.2000 5.0000 0.1430 0.5926
0.4340 1.0449 0.2000 5.0000 0.0889 0.5037
0.4201 0.9571 0.2000 5.0000 0.0889 0.4148
0.4062 0.8693 0.2000 5.0000 0.0889 0.3259
0.3923 0.7815 0.2000 5.0000 0.0889 0.2371
0.3784 0.6937 0.2000 5.0000 0.0889 0.1482
0.3645 0.6059 0.2000 5.0000 0.0889 0.0593
0.3506 0.5181 0.2000 5.0000 0.0593 0.0000
0.2915 0.5228 0.2000 5.0000 0.0000 0.0000
