1.0001 -0.2817 0.2595 3.0000 0.0889 1.0215
1.0405 -0.3609 0.2595 3.0000 0.1430 0.8786
0.9186 -0.4356 0.2595 3.0000 0.1430 0.7356
0.8098 -0.5284 0.2595 3.0000 0.1430 0.5926
0.7170 -0.6372 0.2595 3.0000 0.0889 0.5037
0.7889 -0.6894 0.2595 3.0000 0.0889 0.4148
0.8608 -0.7417 0.2595 3.0000 0.0889 0.3259
0.9327 -0.7939 0.2595 3.0000 0.0889 0.2371
1.0046 -0.8462 0.2595 3.0000 0.0889 0.1482
1.0766 -0.8984 0.2595 3.0000 0.0889 0.0593
1.1485 -0.9506 0.2595 3.0000 0.0593 0.0000
1.1175 -1.0012 0.2595 3.0000 0.0000 0.0000
