0.6005 1.0961 0.2000 5.0000 0.0889 1.0808
0.5730 1.0115 0.2000 5.0000 0.1430 0.9378
0.7051 0.9568 0.2000 5.0000 0.1430 0.7949
0.8270 0.8821 0.2000 5.0000 0.1430 0.6519
0.9358 0.7893 0.2000 5.0000 0.0889 0.5630
0.8729 0.7264 0.2000 5.0000 0.0889 0.4741
0.8100 0.6635 0.2000 5.0000 0.0889 0.3852
0.7472 0.6007 0.2000 5.0000 0.0889 0.2963
0.6843 0.5378 0.2000 5.0000 0.0889 0.2074
0.6215 0.4750 0.2000 5.0000 0.0889 0.1186
0.5586 0.4121 0.2000 5.0000 0.0593 0.0593
0.5971 0.3671 0.2000 5.0000 0.0593 0.0000
0.6281 0.3165 0.2000 5.0000 0.0000 0.0000
