0.4479 -0.8427 0.2000 5.0000 0.0889 1.0215
0.4340 -0.7549 0.2000 5.0000 0.1430 0.8786
0.5730 -0.7215 0.2000 5.0000 0.1430 0.7356
0.7051 -0.6668 0.2000 5.0000 0.1430 0.5926
0.8270 -0.5921 0.2000 5.0000 0.0889 0.5037
0.7748 -0.5202 0.2000 5.0000 0.0889 0.4148
0.7225 -0.4483 0.2000 5.0000 0.0889 0.3259
0.6703 -0.3764 0.2000 5.0000 0.0889 0.2371
0.6180 -0.3045 0.2000 5.0000 0.0889 0.1482
0.5658 -0.2325 0.2000 5.0000 0.0889 0.0593
0.5136 -0.1606 0.2000 5.0000 0.0593 0.0000
0.5586 -0.1221 0.2000 5.0000 0.0000 0.0000
