-0.0175 1.0961 0.2000 5.0000 0.0889 1.0215
0.0100 1.0115 0.2000 5.0000 0.1430 0.8786
-0.1221 0.9568 0.2000 5.0000 0.1430 0.7356
-0.2440 0.8821 0.2000 5.0000 0.1430 0.5926
-0.3528 0.7893 0.2000 5.0000 0.0889 0.5037
-0.2899 0.7264 0.2000 5.0000 0.0889 0.4148
-0.2270 0.6635 0.2000 5.0000 0.0889 0.3259
-0.1642 0.6007 0.2000 5.0000 0.0889 0.2371
-0.1013 0.5378 0.2000 5.0000 0.0889 0.1482
-0.0385 0.4750 0.2000 5.0000 0.0889 0.0593
0.0244 0.4121 0.2000 5.0000 0.0593 0.0000
-0.0141 0.3671 0.2000 5.0000 0.0000 0.0000
