1.1825 0.5990 0.2000 5.0000 0.0889 1.0215
1.1033 0.5586 0.2000 5.0000 0.1430 0.8786
1.0286 0.6805 0.2000 5.0000 0.1430 0.7356
0.9358 0.7893 0.2000 5.0000 0.1430 0.5926
0.8270 0.8821 0.2000 5.0000 0.0889 0.5037
0.7748 0.8102 0.2000 5.0000 0.0889 0.4148
0.7225 0.7383 0.2000 5.0000 0.0889 0.3259
0.6703 0.6664 0.2000 5.0000 0.0889 0.2371
0.6180 0.5945 0.2000 5.0000 0.0889 0.1482
0.5658 0.5225 0.2000 5.0000 0.0889 0.0593
0.5136 0.4506 0.2000 5.0000 0.0593 0.0000
0.4630 0.4816 0.2000 5.0000 0.0000 0.0000
