1.2426 -0.1640 0.2000 5.0000 0.0889 1.0808
1.1580 -0.1365 0.2000 5.0000 0.1430 0.9378
1.1033 -0.2686 0.2000 5.0000 0.1430 0.7949
1.0286 -0.3905 0.2000 5.0000 0.1430 0.6519
0.9358 -0.4993 0.2000 5.0000 0.0889 0.5630
0.8729 -0.4364 0.2000 5.0000 0.0889 0.4741
0.8100 -0.3735 0.2000 5.0000 0.0889 0.3852
0.7472 -0.3107 0.2000 5.0000 0.0889 0.2963
0.6843 -0.2478 0.2000 5.0000 0.0889 0.2074
0.6215 -0.1850 0.2000 5.0000 0.0889 0.1186
0.5586 -0.1221 0.2000 5.0000 0.0593 0.0593
0.5136 -0.1606 0.2000 5.0000 0.0593 0.0000
0.4630 -0.1916 0.2000 5.0000 0.0000 0.0000
