-0.0406 -0.5758 0.1994 4.0000 0.0889 1.0215
-0.1125 -0.6281 0.1994 4.0000 0.1430 0.8786
-0.2053 -0.5193 0.1994 4.0000 0.1430 0.7356
-0.3141 -0.4265 0.1994 4.0000 0.1430 0.5926
-0.4360 -0.3518 0.1994 4.0000 0.0889 0.5037
-0.4763 -0.4310 0.1994 4.0000 0.0889 0.4148
-0.5167 -0.5102 0.1994 4.0000 0.0889 0.3259
-0.5570 -0.5894 0.1994 4.0000 0.0889 0.2371
-0.5974 -0.6686 0.1994 4.0000 0.0889 0.1482
-0.6377 -0.7478 0.1994 4.0000 0.0889 0.0593
-0.6781 -0.8270 0.1994 4.0000 0.0593 0.0000
-0.7329 -0.8043 0.1994 4.0000 0.0000 0.0000
