-0.1625 1.0360 0.2000 5.0000 0.0889 1.0215
-0.1221 0.9568 0.2000 5.0000 0.1430 0.8786
-0.2440 0.8821 0.2000 5.0000 0.1430 0.7356
-0.3528 0.7893 0.2000 5.0000 0.1430 0.5926
-0.4456 0.6805 0.2000 5.0000 0.0889 0.5037
-0.3737 0.6283 0.2000 5.0000 0.0889 0.4148
-0.3018 0.5760 0.2000 5.0000 0.0889 0.3259
-0.2299 0.5238 0.2000 5.0000 0.0889 0.2371
-0.1580 0.4715 0.2000 5.0000 0.0889 0.1482
-0.0860 0.4193 0.2000 5.0000 0.0889 0.0593
-0.0141 0.3671 0.2000 5.0000 0.0593 0.0000
-0.0451 0.3165 0.2000 5.0000 0.0000 0.0000
