1.2426 0.4540 0.2000 5.0000 0.0889 1.0215
1.1580 0.4265 0.2000 5.0000 0.1430 0.8786
1.1033 0.5586 0.2000 5.0000 0.1430 0.7356
1.0286 0.6805 0.2000 5.0000 0.1430 0.5926
0.9358 0.7893 0.2000 5.0000 0.0889 0.5037
0.8729 0.7264 0.2000 5.0000 0.0889 0.4148
0.8100 0.6635 0.2000 5.0000 0.0889 0.3259
0.7472 0.6007 0.2000 5.0000 0.0889 0.2371
0.6843 0.5378 0.2000 5.0000 0.0889 0.1482
0.6215 0.4750 0.2000 5.0000 0.0889 0.0593
0.5586 0.4121 0.2000 5.0000 0.0593 0.0000
0.5136 0.4506 0.2000 5.0000 0.0000 0.0000
