0.6005 -0.8061 0.2000 5.0000 0.0889 1.0215
0.5730 -0.7215 0.2000 5.0000 0.1430 0.8786
0.7051 -0.6668 0.2000 5.0000 0.1430 0.7356
0.8270 -0.5921 0.2000 5.0000 0.1430 0.5926
0.9358 -0.4993 0.2000 5.0000 0.0889 0.5037
0.8729 -0.4364 0.2000 5.0000 0.0889 0.4148
0.8100 -0.3735 0.2000 5.0000 0.0889 0.3259
0.7472 -0.3107 0.2000 5.0000 0.0889 0.2371
0.6843 -0.2478 0.2000 5.0000 0.0889 0.1482
0.6215 -0.1850 0.2000 5.0000 0.0889 0.0593
0.5586 -0.1221 0.2000 5.0000 0.0593 0.0000
0.5971 -0.0771 0.2000 5.0000 0.0000 0.0000
