-0.6596 -0.1640 0.2000 5.0000 0.0889 1.0215
-0.5750 -0.1365 0.2000 5.0000 0.1430 0.8786
-0.5203 -0.2686 0.2000 5.0000 0.1430 0.7356
-0.4456 -0.3905 0.2000 5.0000 0.1430 0.5926
-0.3528 -0.4993 0.2000 5.0000 0.0889 0.5037
-0.2899 -0.4364 0.2000 5.0000 0.0889 0.4148
-0.2270 -0.3735 0.2000 5.0000 0.0889 0.3259
-0.1642 -0.3107 0.2000 5.0000 0.0889 0.2371
-0.1013 -0.2478 0.2000 5.0000 0.0889 0.1482
-0.0385 -0.1850 0.2000 5.0000 0.0889 0.0593
0.0244 -0.1221 0.2000 5.0000 0.0593 0.0000
0.0694 -0.1606 0.2000 5.0000 0.0000 0.0000
