0.0754 1.1540 0.2052 1.0000 0.0889 1.0808
-0.0092 1.1815 0.2052 1.0000 0.1430 0.9378
-0.0639 1.0494 0.2052 1.0000 0.1430 0.7949
-0.1386 0.9275 0.2052 1.0000 0.1430 0.6519
-0.2314 0.8187 0.2052 1.0000 0.0889 0.5630
-0.2943 0.8816 0.2052 1.0000 0.0889 0.4741
-0.3572 0.9445 0.2052 1.0000 0.0889 0.3852
-0.4200 1.0073 0.2052 1.0000 0.0889 0.2963
-0.4829 1.0702 0.2052 1.0000 0.0889 0.2074
-0.5457 1.1330 0.2052 1.0000 0.0889 0.1186
-0.6086 1.1959 0.2052 1.0000 0.0593 0.0593
-0.6536 1.1574 0.2052 1.0000 0.0593 0.0000
-0.7042 1.1264 0.2052 1.0000 0.0000 0.0000
