0.6451 -0.5849 0.2595 3.0000 0.0889 1.0215
0.7170 -0.6372 0.2595 3.0000 0.1430 0.8786
0.6423 -0.7591 0.2595 3.0000 0.1430 0.7356
0.5876 -0.8912 0.2595 3.0000 0.1430 0.5926
0.5542 -1.0302 0.2595 3.0000 0.0889 0.5037
0.6420 -1.0441 0.2595 3.0000 0.0889 0.4148
0.7298 -1.0580 0.2595 3.0000 0.0889 0.3259
0.8176 -1.0719 0.2595 3.0000 0.0889 0.2371
0.9054 -1.0858 0.2595 3.0000 0.0889 0.1482
0.9932 -1.0997 0.2595 3.0000 0.0889 0.0593
1.0810 -1.1136 0.2595 3.0000 0.0593 0.0000
1.0763 -1.1727 0.2595 3.0000 0.0000 0.0000
