0.1015 -0.8546 0.1994 4.0000 0.0889 1.0215
0.0169 -0.8821 0.1994 4.0000 0.1430 0.8786
-0.0378 -0.7500 0.1994 4.0000 0.1430 0.7356
-0.1125 -0.6281 0.1994 4.0000 0.1430 0.5926
-0.2053 -0.5193 0.1994 4.0000 0.0889 0.5037
-0.2682 -0.5822 0.1994 4.0000 0.0889 0.4148
-0.3311 -0.6451 0.1994 4.0000 0.0889 0.3259
-0.3939 -0.7079 0.1994 4.0000 0.0889 0.2371
-0.4568 -0.7708 0.1994 4.0000 0.0889 0.1482
-0.5196 -0.8336 0.1994 4.0000 0.0889 0.0593
-0.5825 -0.8965 0.1994 4.0000 0.0593 0.0000
-0.6275 -0.8580 0.1994 4.0000 0.0000 0.0000
