-0.6596 0.4540 0.2000 5.0000 0.0889 1.0808
-0.5750 0.4265 0.2000 5.0000 0.1430 0.9378
-0.5203 0.5586 0.2000 5.0000 0.1430 0.7949
-0.4456 0.6805 0.2000 5.0000 0.1430 0.6519
-0.3528 0.7893 0.2000 5.0000 0.0889 0.5630
-0.2899 0.7264 0.2000 5.0000 0.0889 0.4741
-0.2270 0.6635 0.2000 5.0000 0.0889 0.3852
-0.1642 0.6007 0.2000 5.0000 0.0889 0.2963
-0.1013 0.5378 0.2000 5.0000 0.0889 0.2074
-0.0385 0.4750 0.2000 5.0000 0.0889 0.1186
0.0244 0.4121 0.2000 5.0000 0.0593 0.0593
0.0694 0.4506 0.2000 5.0000 0.0593 0.0000
0.1200 0.4816 0.2000 5.0000 0.0000 0.0000
