0.9986 0.8521 0.2000 5.0000 0.0889 1.0215
0.9358 0.7893 0.2000 5.0000 0.1430 0.8786
0.8270 0.8821 0.2000 5.0000 0.1430 0.7356
0.7051 0.9568 0.2000 5.0000 0.1430 0.5926
0.5730 1.0115 0.2000 5.0000 0.0889 0.5037
0.5456 0.9270 0.2000 5.0000 0.0889 0.4148
0.5181 0.8424 0.2000 5.0000 0.0889 0.3259
0.4906 0.7579 0.2000 5.0000 0.0889 0.2371
0.4632 0.6734 0.2000 5.0000 0.0889 0.1482
0.4357 0.5888 0.2000 5.0000 0.0889 0.0593
0.4082 0.5043 0.2000 5.0000 0.0593 0.0000
0.3506 0.5181 0.2000 5.0000 0.0000 0.0000
