-0.7085 0.1450 0.2000 5.0000 0.0889 1.0808
-0.6196 0.1450 0.2000 5.0000 0.1430 0.9378
-0.6084 0.2875 0.2000 5.0000 0.1430 0.7949
-0.5750 0.4265 0.2000 5.0000 0.1430 0.6519
-0.5203 0.5586 0.2000 5.0000 0.0889 0.5630
-0.4411 0.5183 0.2000 5.0000 0.0889 0.4741
-0.3619 0.4779 0.2000 5.0000 0.0889 0.3852
-0.2827 0.4376 0.2000 5.0000 0.0889 0.2963
-0.2035 0.3972 0.2000 5.0000 0.0889 0.2074
-0.1243 0.3569 0.2000 5.0000 0.0889 0.1186
-0.0451 0.3165 0.2000 5.0000 0.0593 0.0593
-0.0141 0.3671 0.2000 5.0000 0.0593 0.0000
0.0244 0.4121 0.2000 5.0000 0.0000 0.0000
