-0.5406 -0.2125 0.1994 4.0000 0.0889 1.0808
-0.5681 -0.2971 0.1994 4.0000 0.1430 0.9378
-0.4360 -0.3518 0.1994 4.0000 0.1430 0.7949
-0.3141 -0.4265 0.1994 4.0000 0.1430 0.6519
-0.2053 -0.5193 0.1994 4.0000 0.0889 0.5630
-0.2682 -0.5822 0.1994 4.0000 0.0889 0.4741
-0.3311 -0.6451 0.1994 4.0000 0.0889 0.3852
-0.3939 -0.7079 0.1994 4.0000 0.0889 0.2963
-0.4568 -0.7708 0.1994 4.0000 0.0889 0.2074
-0.5196 -0.8336 0.1994 4.0000 0.0889 0.1186
-0.5825 -0.8965 0.1994 4.0000 0.0593 0.0593
-0.5440 -0.9415 0.1994 4.0000 0.0593 0.0000
-0.5130 -0.9921 0.1994 4.0000 0.0000 0.0000
