-0.5995 -0.3090 0.2000 5.0000 0.0889 1.0215
-0.5203 -0.2686 0.2000 5.0000 0.1430 0.8786
-0.4456 -0.3905 0.2000 5.0000 0.1430 0.7356
-0.3528 -0.4993 0.2000 5.0000 0.1430 0.5926
-0.2440 -0.5921 0.2000 5.0000 0.0889 0.5037
-0.1918 -0.5202 0.2000 5.0000 0.0889 0.4148
-0.1395 -0.4483 0.2000 5.0000 0.0889 0.3259
-0.0873 -0.3764 0.2000 5.0000 0.0889 0.2371
-0.0350 -0.3045 0.2000 5.0000 0.0889 0.1482
0.0172 -0.2325 0.2000 5.0000 0.0889 0.0593
0.0694 -0.1606 0.2000 5.0000 0.0593 0.0000
0.1200 -0.1916 0.2000 5.0000 0.0000 0.0000
