1.2792 -0.0114 0.2000 5.0000 0.0889 1.0808
1.1914 0.0025 0.2000 5.0000 0.1430 0.9378
1.1580 -0.1365 0.2000 5.0000 0.1430 0.7949
1.1033 -0.2686 0.2000 5.0000 0.1430 0.6519
1.0286 -0.3905 0.2000 5.0000 0.0889 0.5630
0.9567 -0.3383 0.2000 5.0000 0.0889 0.4741
0.8848 -0.2860 0.2000 5.0000 0.0889 0.3852
0.8129 -0.2338 0.2000 5.0000 0.0889 0.2963
0.7410 -0.1815 0.2000 5.0000 0.0889 0.2074
0.6690 -0.1293 0.2000 5.0000 0.0889 0.1186
0.5971 -0.0771 0.2000 5.0000 0.0593 0.0593
0.5586 -0.1221 0.2000 5.0000 0.0593 0.0000
0.5136 -0.1606 0.2000 5.0000 0.0000 0.0000
