0.7455 1.0360 0.2000 5.0000 0.0889 1.0511
0.7051 0.9568 0.2000 5.0000 0.1430 0.9082
0.5730 1.0115 0.2000 5.0000 0.1430 0.7652
0.4340 1.0449 0.2000 5.0000 0.1430 0.6222
0.2915 1.0561 0.2000 5.0000 0.0889 0.5333
0.2915 0.9672 0.2000 5.0000 0.0889 0.4444
0.2915 0.8783 0.2000 5.0000 0.0889 0.3556
0.2915 0.7894 0.2000 5.0000 0.0889 0.2667
0.2915 0.7006 0.2000 5.0000 0.0889 0.1778
0.2915 0.6117 0.2000 5.0000 0.0889 0.0889
0.2915 0.5228 0.2000 5.0000 0.0889 0.0000
0.2915 0.4339 0.2000 5.0000 0.0000 0.0000
