0.1243 1.4630 0.2052 1.0000 0.0889 1.0808
0.0354 1.4630 0.2052 1.0000 0.1430 0.9378
0.0242 1.3205 0.2052 1.0000 0.1430 0.7949
-0.0092 1.1815 0.2052 1.0000 0.1430 0.6519
-0.0639 1.0494 0.2052 1.0000 0.0889 0.5630
-0.1431 1.0897 0.2052 1.0000 0.0889 0.4741
-0.2223 1.1301 0.2052 1.0000 0.0889 0.3852
-0.3015 1.1704 0.2052 1.0000 0.0889 0.2963
-0.3807 1.2108 0.2052 1.0000 0.0889 0.2074
-0.4599 1.2511 0.2052 1.0000 0.0889 0.1186
-0.5391 1.2915 0.2052 1.0000 0.0593 0.0593
-0.5701 1.2409 0.2052 1.0000 0.0593 0.0000
-0.6086 1.1959 0.2052 1.0000 0.0000 0.0000
