-0.6962 -0.0114 0.2000 5.0000 0.0889 1.0215
-0.6084 0.0025 0.2000 5.0000 0.1430 0.8786
-0.5750 -0.1365 0.2000 5.0000 0.1430 0.7356
-0.5203 -0.2686 0.2000 5.0000 0.1430 0.5926
-0.4456 -0.3905 0.2000 5.0000 0.0889 0.5037
-0.3737 -0.3383 0.2000 5.0000 0.0889 0.4148
-0.3018 -0.2860 0.2000 5.0000 0.0889 0.3259
-0.2299 -0.2338 0.2000 5.0000 0.0889 0.2371
-0.1580 -0.1815 0.2000 5.0000 0.0889 0.1482
-0.0860 -0.1293 0.2000 5.0000 0.0889 0.0593
-0.0141 -0.0771 0.2000 5.0000 0.0593 0.0000
0.0244 -0.1221 0.2000 5.0000 0.0000 0.0000
