1.0046 0.5434 0.2447 2.0000 0.0889 1.0511
1.0450 0.6226 0.2447 2.0000 0.1430 0.9082
1.1771 0.5679 0.2447 2.0000 0.1430 0.7652
1.3161 0.5345 0.2447 2.0000 0.1430 0.6222
1.4586 0.5233 0.2447 2.0000 0.0889 0.5333
1.4586 0.6122 0.2447 2.0000 0.0889 0.4444
1.4586 0.7011 0.2447 2.0000 0.0889 0.3556
1.4586 0.7900 0.2447 2.0000 0.0889 0.2667
1.4586 0.8788 0.2447 2.0000 0.0889 0.1778
1.4586 0.9677 0.2447 2.0000 0.0889 0.0889
1.4586 1.0566 0.2447 2.0000 0.0889 0.0000
1.4586 1.1455 0.2447 2.0000 0.0000 0.0000
