-0.3956 -0.2726 0.1994 4.0000 0.0889 1.0511
-0.4360 -0.3518 0.1994 4.0000 0.1430 0.9082
-0.5681 -0.2971 0.1994 4.0000 0.1430 0.7652
-0.7071 -0.2637 0.1994 4.0000 0.1430 0.6222
-0.8496 -0.2525 0.1994 4.0000 0.0889 0.5333
-0.8496 -0.3414 0.1994 4.0000 0.0889 0.4444
-0.8496 -0.4303 0.1994 4.0000 0.0889 0.3556
-0.8496 -0.5192 0.1994 4.0000 0.0889 0.2667
-0.8496 -0.6080 0.1994 4.0000 0.0889 0.1778
-0.8496 -0.6969 0.1994 4.0000 0.0889 0.0889
-0.8496 -0.7858 0.1994 4.0000 0.0889 0.0000
-0.8496 -0.8747 0.1994 4.0000 0.0000 0.0000
