1.2915 0.1450 0.2000 5.0000 0.0889 1.0808
1.2026 0.1450 0.2000 5.0000 0.1430 0.9378
1.1914 0.0025 0.2000 5.0000 0.1430 0.7949
1.1580 -0.1365 0.2000 5.0000 0.1430 0.6519
1.1033 -0.2686 0.2000 5.0000 0.0889 0.5630
1.0241 -0.2283 0.2000 5.0000 0.0889 0.4741
0.9449 -0.1879 0.2000 5.0000 0.0889 0.3852
0.8657 -0.1476 0.2000 5.0000 0.0889 0.2963
0.7865 -0.1072 0.2000 5.0000 0.0889 0.2074
0.7073 -0.0669 0.2000 5.0000 0.0889 0.1186
0.6281 -0.0265 0.2000 5.0000 0.0593 0.0593
0.5971 -0.0771 0.2000 5.0000 0.0593 0.0000
0.5586 -0.1221 0.2000 5.0000 0.0000 0.0000
