-0.7085 0.1450 0.2000 5.0000 0.0889 1.0215
-0.6196 0.1450 0.2000 5.0000 0.1430 0.8786
-0.6084 0.0025 0.2000 5.0000 0.1430 0.7356
-0.5750 -0.1365 0.2000 5.0000 0.1430 0.5926
-0.5203 -0.2686 0.2000 5.0000 0.0889 0.5037
-0.4411 -0.2283 0.2000 5.0000 0.0889 0.4148
-0.3619 -0.1879 0.2000 5.0000 0.0889 0.3259
-0.2827 -0.1476 0.2000 5.0000 0.0889 0.2371
-0.2035 -0.1072 0.2000 5.0000 0.0889 0.1482
-0.1243 -0.0669 0.2000 5.0000 0.0889 0.0593
-0.0451 -0.0265 0.2000 5.0000 0.0593 0.0000
-0.0141 -0.0771 0.2000 5.0000 0.0000 0.0000
