-0.5175 0.7328 0.2000 5.0000 0.0889 1.0215
-0.4456 0.6805 0.2000 5.0000 0.1430 0.8786
-0.5203 0.5586 0.2000 5.0000 0.1430 0.7356
-0.5750 0.4265 0.2000 5.0000 0.1430 0.5926
-0.6084 0.2875 0.2000 5.0000 0.0889 0.5037
-0.5206 0.2736 0.2000 5.0000 0.0889 0.4148
-0.4328 0.2597 0.2000 5.0000 0.0889 0.3259
-0.3450 0.2458 0.2000 5.0000 0.0889 0.2371
-0.2572 0.2319 0.2000 5.0000 0.0889 0.1482
-0.1694 0.2180 0.2000 5.0000 0.0889 0.0593
-0.0816 0.2041 0.2000 5.0000 0.0593 0.0000
-0.0863 0.1450 0.2000 5.0000 0.0000 0.0000
