0.9986 -0.5621 0.2000 5.0000 0.0889 1.0215
0.9358 -0.4993 0.2000 5.0000 0.1430 0.8786
1.0286 -0.3905 0.2000 5.0000 0.1430 0.7356
1.1033 -0.2686 0.2000 5.0000 0.1430 0.5926
1.1580 -0.1365 0.2000 5.0000 0.0889 0.5037
1.0735 -0.1091 0.2000 5.0000 0.0889 0.4148
0.9889 -0.0816 0.2000 5.0000 0.0889 0.3259
0.9044 -0.0541 0.2000 5.0000 0.0889 0.2371
0.8199 -0.0267 0.2000 5.0000 0.0889 0.1482
0.7353 0.0008 0.2000 5.0000 0.0889 0.0593
0.6508 0.0283 0.2000 5.0000 0.0593 0.0000
0.6646 0.0859 0.2000 5.0000 0.0000 0.0000
