-0.5175 -0.4428 0.2000 5.0000 0.0889 1.0215
-0.4456 -0.3905 0.2000 5.0000 0.1430 0.8786
-0.3528 -0.4993 0.2000 5.0000 0.1430 0.7356
-0.2440 -0.5921 0.2000 5.0000 0.1430 0.5926
-0.1221 -0.6668 0.2000 5.0000 0.0889 0.5037
-0.0818 -0.5876 0.2000 5.0000 0.0889 0.4148
-0.0414 -0.5084 0.2000 5.0000 0.0889 0.3259
-0.0011 -0.4292 0.2000 5.0000 0.0889 0.2371
0.0393 -0.3500 0.2000 5.0000 0.0889 0.1482
0.0796 -0.2708 0.2000 5.0000 0.0889 0.0593
0.1200 -0.1916 0.2000 5.0000 0.0593 0.0000
0.1748 -0.2143 0.2000 5.0000 0.0000 0.0000
