1.4586 0.4344 0.2447 2.0000 0.0889 1.0808
1.4586 0.5233 0.2447 2.0000 0.1430 0.9378
1.3161 0.5345 0.2447 2.0000 0.1430 0.7949
1.1771 0.5679 0.2447 2.0000 0.1430 0.6519
1.0450 0.6226 0.2447 2.0000 0.0889 0.5630
1.0853 0.7018 0.2447 2.0000 0.0889 0.4741
1.1257 0.7810 0.2447 2.0000 0.0889 0.3852
1.1660 0.8602 0.2447 2.0000 0.0889 0.2963
1.2064 0.9394 0.2447 2.0000 0.0889 0.2074
1.2467 1.0186 0.2447 2.0000 0.0889 0.1186
1.2871 1.0978 0.2447 2.0000 0.0593 0.0593
1.2365 1.1288 0.2447 2.0000 0.0593 0.0000
1.1915 1.1673 0.2447 2.0000 0.0000 0.0000
