-0.2963 -0.6640 0.2000 5.0000 0.0889 1.0215
-0.2440 -0.5921 0.2000 5.0000 0.1430 0.8786
-0.1221 -0.6668 0.2000 5.0000 0.1430 0.7356
0.0100 -0.7215 0.2000 5.0000 0.1430 0.5926
0.1490 -0.7549 0.2000 5.0000 0.0889 0.5037
0.1629 -0.6671 0.2000 5.0000 0.0889 0.4148
0.1768 -0.5793 0.2000 5.0000 0.0889 0.3259
0.1907 -0.4915 0.2000 5.0000 0.0889 0.2371
0.2046 -0.4037 0.2000 5.0000 0.0889 0.1482
0.2185 -0.3159 0.2000 5.0000 0.0889 0.0593
0.2324 -0.2281 0.2000 5.0000 0.0593 0.0000
0.2915 -0.2328 0.2000 5.0000 0.0000 0.0000
