-0.4156 0.8521 0.2000 5.0000 0.0889 1.0215
-0.3528 0.7893 0.2000 5.0000 0.1430 0.8786
-0.4456 0.6805 0.2000 5.0000 0.1430 0.7356
-0.5203 0.5586 0.2000 5.0000 0.1430 0.5926
-0.5750 0.4265 0.2000 5.0000 0.0889 0.5037
-0.4905 0.3991 0.2000 5.0000 0.0889 0.4148
-0.4059 0.3716 0.2000 5.0000 0.0889 0.3259
-0.3214 0.3441 0.2000 5.0000 0.0889 0.2371
-0.2369 0.3167 0.2000 5.0000 0.0889 0.1482
-0.1523 0.2892 0.2000 5.0000 0.0889 0.0593
-0.0678 0.2617 0.2000 5.0000 0.0593 0.0000
-0.0816 0.2041 0.2000 5.0000 0.0000 0.0000
