1.1825 -0.3090 0.2000 5.0000 0.0889 1.0511
1.1033 -0.2686 0.2000 5.0000 0.1430 0.9082
1.1580 -0.1365 0.2000 5.0000 0.1430 0.7652
1.1914 0.0025 0.2000 5.0000 0.1430 0.6222
1.2026 0.1450 0.2000 5.0000 0.0889 0.5333
1.1137 0.1450 0.2000 5.0000 0.0889 0.4444
1.0248 0.1450 0.2000 5.0000 0.0889 0.3556
0.9359 0.1450 0.2000 5.0000 0.0889 0.2667
0.8471 0.1450 0.2000 5.0000 0.0889 0.1778
0.7582 0.1450 0.2000 5.0000 0.0889 0.0889
0.6693 0.1450 0.2000 5.0000 0.0889 0.0000
0.5804 0.1450 0.2000 5.0000 0.0000 0.0000
