0.1120 1.3066 0.2052 1.0000 0.0889 1.0808
0.0242 1.3205 0.2052 1.0000 0.1430 0.9378
-0.0092 1.1815 0.2052 1.0000 0.1430 0.7949
-0.0639 1.0494 0.2052 1.0000 0.1430 0.6519
-0.1386 0.9275 0.2052 1.0000 0.0889 0.5630
-0.2105 0.9797 0.2052 1.0000 0.0889 0.4741
-0.2824 1.0320 0.2052 1.0000 0.0889 0.3852
-0.3543 1.0842 0.2052 1.0000 0.0889 0.2963
-0.4262 1.1365 0.2052 1.0000 0.0889 0.2074
-0.4982 1.1887 0.2052 1.0000 0.0889 0.1186
-0.5701 1.2409 0.2052 1.0000 0.0593 0.0593
-0.6086 1.1959 0.2052 1.0000 0.0593 0.0000
-0.6536 1.1574 0.2052 1.0000 0.0000 0.0000
