0.2915 -0.8550 0.2000 5.0000 0.0889 1.0808
0.2915 -0.7661 0.2000 5.0000 0.1430 0.9378
0.1490 -0.7549 0.2000 5.0000 0.1430 0.7949
0.0100 -0.7215 0.2000 5.0000 0.1430 0.6519
-0.1221 -0.6668 0.2000 5.0000 0.0889 0.5630
-0.0818 -0.5876 0.2000 5.0000 0.0889 0.4741
-0.0414 -0.5084 0.2000 5.0000 0.0889 0.3852
-0.0011 -0.4292 0.2000 5.0000 0.0889 0.2963
0.0393 -0.3500 0.2000 5.0000 0.0889 0.2074
0.0796 -0.2708 0.2000 5.0000 0.0889 0.1186
0.1200 -0.1916 0.2000 5.0000 0.0593 0.0593
0.0694 -0.1606 0.2000 5.0000 0.0593 0.0000
0.0244 -0.1221 0.2000 5.0000 0.0000 0.0000
