-0.4156 -0.5621 0.2000 5.0000 0.0889 1.0215
-0.3528 -0.4993 0.2000 5.0000 0.1430 0.8786
-0.2440 -0.5921 0.2000 5.0000 0.1430 0.7356
-0.1221 -0.6668 0.2000 5.0000 0.1430 0.5926
0.0100 -0.7215 0.2000 5.0000 0.0889 0.5037
0.0374 -0.6370 0.2000 5.0000 0.0889 0.4148
0.0649 -0.5524 0.2000 5.0000 0.0889 0.3259
0.0924 -0.4679 0.2000 5.0000 0.0889 0.2371
0.1198 -0.3834 0.2000 5.0000 0.0889 0.1482
0.1473 -0.2988 0.2000 5.0000 0.0889 0.0593
0.1748 -0.2143 0.2000 5.0000 0.0593 0.0000
0.2324 -0.2281 0.2000 5.0000 0.0000 0.0000
