0.4541 -1.1727 0.2595 3.0000 0.0889 1.0808
0.5430 -1.1727 0.2595 3.0000 0.1430 0.9378
0.5542 -1.0302 0.2595 3.0000 0.1430 0.7949
0.5876 -0.8912 0.2595 3.0000 0.1430 0.6519
0.6423 -0.7591 0.2595 3.0000 0.0889 0.5630
0.7215 -0.7994 0.2595 3.0000 0.0889 0.4741
0.8007 -0.8398 0.2595 3.0000 0.0889 0.3852
0.8799 -0.8801 0.2595 3.0000 0.0889 0.2963
0.9591 -0.9205 0.2595 3.0000 0.0889 0.2074
1.0383 -0.9608 0.2595 3.0000 0.0889 0.1186
1.1175 -1.0012 0.2595 3.0000 0.0593 0.0593
1.1485 -0.9506 0.2595 3.0000 0.0593 0.0000
1.1870 -0.9056 0.2595 3.0000 0.0000 0.0000
