-0.2963 0.9540 0.2000 5.0000 0.0889 1.0215
-0.2440 0.8821 0.2000 5.0000 0.1430 0.8786
-0.3528 0.7893 0.2000 5.0000 0.1430 0.7356
-0.4456 0.6805 0.2000 5.0000 0.1430 0.5926
-0.5203 0.5586 0.2000 5.0000 0.0889 0.5037
-0.4411 0.5183 0.2000 5.0000 0.0889 0.4148
-0.3619 0.4779 0.2000 5.0000 0.0889 0.3259
-0.2827 0.4376 0.2000 5.0000 0.0889 0.2371
-0.2035 0.3972 0.2000 5.0000 0.0889 0.1482
-0.1243 0.3569 0.2000 5.0000 0.0889 0.0593
-0.0451 0.3165 0.2000 5.0000 0.0593 0.0000
-0.0678 0.2617 0.2000 5.0000 0.0000 0.0000
