0.8793 -0.6640 0.2000 5.0000 0.0889 1.0215
0.8270 -0.5921 0.2000 5.0000 0.1430 0.8786
0.9358 -0.4993 0.2000 5.0000 0.1430 0.7356
1.0286 -0.3905 0.2000 5.0000 0.1430 0.5926
1.1033 -0.2686 0.2000 5.0000 0.0889 0.5037
1.0241 -0.2283 0.2000 5.0000 0.0889 0.4148
0.9449 -0.1879 0.2000 5.0000 0.0889 0.3259
0.8657 -0.1476 0.2000 5.0000 0.0889 0.2371
0.7865 -0.1072 0.2000 5.0000 0.0889 0.1482
0.7073 -0.0669 0.2000 5.0000 0.0889 0.0593
0.6281 -0.0265 0.2000 5.0000 0.0593 0.0000
0.6508 0.0283 0.2000 5.0000 0.0000 0.0000
