1.1005 -0.4428 0.2000 5.0000 0.0889 1.0215
1.0286 -0.3905 0.2000 5.0000 0.1430 0.8786
1.1033 -0.2686 0.2000 5.0000 0.1430 0.7356
1.1580 -0.1365 0.2000 5.0000 0.1430 0.5926
1.1914 0.0025 0.2000 5.0000 0.0889 0.5037
1.1036 0.0164 0.2000 5.0000 0.0889 0.4148
1.0158 0.0303 0.2000 5.0000 0.0889 0.3259
0.9280 0.0442 0.2000 5.0000 0.0889 0.2371
0.8402 0.0581 0.2000 5.0000 0.0889 0.1482
0.7524 0.0720 0.2000 5.0000 0.0889 0.0593
0.6646 0.0859 0.2000 5.0000 0.0593 0.0000
0.6693 0.1450 0.2000 5.0000 0.0000 0.0000
