-0.0175 -0.8061 0.2000 5.0000 0.0889 1.0808
0.0100 -0.7215 0.2000 5.0000 0.1430 0.9378
-0.1221 -0.6668 0.2000 5.0000 0.1430 0.7949
-0.2440 -0.5921 0.2000 5.0000 0.1430 0.6519
-0.3528 -0.4993 0.2000 5.0000 0.0889 0.5630
-0.2899 -0.4364 0.2000 5.0000 0.0889 0.4741
-0.2270 -0.3735 0.2000 5.0000 0.0889 0.3852
-0.1642 -0.3107 0.2000 5.0000 0.0889 0.2963
-0.1013 -0.2478 0.2000 5.0000 0.0889 0.2074
-0.0385 -0.1850 0.2000 5.0000 0.0889 0.1186
0.0244 -0.1221 0.2000 5.0000 0.0593 0.0593
-0.0141 -0.0771 0.2000 5.0000 0.0593 0.0000
-0.0451 -0.0265 0.2000 5.0000 0.0000 0.0000
