0.1351 1.1327 0.2000 5.0000 0.0889 1.0215
0.1490 1.0449 0.2000 5.0000 0.1430 0.8786
0.0100 1.0115 0.2000 5.0000 0.1430 0.7356
-0.1221 0.9568 0.2000 5.0000 0.1430 0.5926
-0.2440 0.8821 0.2000 5.0000 0.0889 0.5037
-0.1918 0.8102 0.2000 5.0000 0.0889 0.4148
-0.1395 0.7383 0.2000 5.0000 0.0889 0.3259
-0.0873 0.6664 0.2000 5.0000 0.0889 0.2371
-0.0350 0.5945 0.2000 5.0000 0.0889 0.1482
0.0172 0.5225 0.2000 5.0000 0.0889 0.0593
0.0694 0.4506 0.2000 5.0000 0.0593 0.0000
0.0244 0.4121 0.2000 5.0000 0.0000 0.0000
