-0.6962 0.3014 0.2000 5.0000 0.0889 1.0808
-0.6084 0.2875 0.2000 5.0000 0.1430 0.9378
-0.5750 0.4265 0.2000 5.0000 0.1430 0.7949
-0.5203 0.5586 0.2000 5.0000 0.1430 0.6519
-0.4456 0.6805 0.2000 5.0000 0.0889 0.5630
-0.3737 0.6283 0.2000 5.0000 0.0889 0.4741
-0.3018 0.5760 0.2000 5.0000 0.0889 0.3852
-0.2299 0.5238 0.2000 5.0000 0.0889 0.2963
-0.1580 0.4715 0.2000 5.0000 0.0889 0.2074
-0.0860 0.4193 0.2000 5.0000 0.0889 0.1186
-0.0141 0.3671 0.2000 5.0000 0.0593 0.0593
0.0244 0.4121 0.2000 5.0000 0.0593 0.0000
0.0694 0.4506 0.2000 5.0000 0.0000 0.0000
