0.1351 -0.8427 0.2000 5.0000 0.0889 1.0808
0.1490 -0.7549 0.2000 5.0000 0.1430 0.9378
0.0100 -0.7215 0.2000 5.0000 0.1430 0.7949
-0.1221 -0.6668 0.2000 5.0000 0.1430 0.6519
-0.2440 -0.5921 0.2000 5.0000 0.0889 0.5630
-0.1918 -0.5202 0.2000 5.0000 0.0889 0.4741
-0.1395 -0.4483 0.2000 5.0000 0.0889 0.3852
-0.0873 -0.3764 0.2000 5.0000 0.0889 0.2963
-0.0350 -0.3045 0.2000 5.0000 0.0889 0.2074
0.0172 -0.2325 0.2000 5.0000 0.0889 0.1186
0.0694 -0.1606 0.2000 5.0000 0.0593 0.0593
0.0244 -0.1221 0.2000 5.0000 0.0593 0.0000
-0.0141 -0.0771 0.2000 5.0000 0.0000 0.0000
