-0.5995 0.5990 0.2000 5.0000 0.0889 1.0511
-0.5203 0.5586 0.2000 5.0000 0.1430 0.9082
-0.5750 0.4265 0.2000 5.0000 0.1430 0.7652
-0.6084 0.2875 0.2000 5.0000 0.1430 0.6222
-0.6196 0.1450 0.2000 5.0000 0.0889 0.5333
-0.5307 0.1450 0.2000 5.0000 0.0889 0.4444
-0.4418 0.1450 0.2000 5.0000 0.0889 0.3556
-0.3529 0.1450 0.2000 5.0000 0.0889 0.2667
-0.2641 0.1450 0.2000 5.0000 0.0889 0.1778
-0.1752 0.1450 0.2000 5.0000 0.0889 0.0889
-0.0863 0.1450 0.2000 5.0000 0.0889 0.0000
0.0026 0.1450 0.2000 5.0000 0.0000 0.0000
