-0.260509 -0.193206 0.284388 -0.000738989 -0.0106626 0.693536 0.720343 
-0.198634 -0.222652 0.285628 0.0369177 0.0140507 -0.576405 0.816209 
-0.199146 -0.224227 0.285173 0.0394529 0.0172065 -0.595604 0.802124 
-0.197959 -0.221465 0.28558 0.0362992 0.00783627 -0.559358 0.828094 
-0.197031 -0.21747 0.285785 0.0326173 0.00629779 -0.505242 0.862338 
-0.196094 -0.21271 0.285827 0.0327208 0.00356039 -0.441737 0.896541 
-0.196106 -0.20814 0.286041 0.0315048 -0.00110261 -0.379193 0.92478 
-0.19656 -0.203516 0.286233 0.0254226 -0.00132961 -0.315381 0.948624 
-0.197844 -0.199063 0.286539 0.026093 -0.00516901 -0.246586 0.968756 
-0.199758 -0.194637 0.286468 0.0224512 -0.00574593 -0.175812 0.984151 
-0.202149 -0.190404 0.286106 0.0216558 -0.00455922 -0.100366 0.994704 
-0.205332 -0.18679 0.286093 0.0166538 -0.00115061 -0.0296528 0.999421 
-0.209114 -0.183146 0.286287 0.0201011 -0.0138189 0.0475781 0.99857 
-0.213379 -0.180721 0.28582 0.0152421 -0.00601897 0.125488 0.99196 
-0.218231 -0.178688 0.286008 0.0176487 -0.0127167 0.201127 0.979323 
-0.222946 -0.177062 0.286008 0.00953475 -0.00168168 0.273556 0.961807 
-0.227546 -0.176681 0.285739 0.0144521 -0.0130356 0.343816 0.938835 
-0.231871 -0.176824 0.285897 0.012479 -0.0112304 0.401859 0.915548 
-0.235819 -0.177399 0.285513 0.00363702 -0.00443828 0.458325 0.888766 
-0.239931 -0.178674 0.285275 0.000203794 -0.00408254 0.516215 0.856449 
-0.244422 -0.18061 0.285041 0.00268872 -0.0102509 0.576939 0.816718 
-0.248663 -0.18312 0.285014 -0.010791 0.0015169 0.635014 0.772423 
-0.252389 -0.186115 0.284573 0.00129299 -0.0102545 0.685306 0.728182 
-0.255259 -0.189521 0.284334 -0.0104006 -0.00596428 0.734016 0.679026 
-0.257674 -0.193286 0.28433 -0.00940354 -0.00923731 0.777672 0.628531 
-0.25949 -0.197173 0.284386 -0.013309 -0.0075275 0.818402 0.574443 
-0.261015 -0.20153 0.284344 -0.0129493 -0.00518903 0.856214 0.516433 
-0.261748 -0.204878 0.284082 -0.0161528 -0.00610597 0.882529 0.469942 
-0.261984 -0.210552 0.283838 -0.021034 -0.00668861 0.918081 0.395777 
-0.261933 -0.213512 0.283985 -0.0223923 -0.0065976 0.935595 0.352302 
-0.260757 -0.219139 0.284127 -0.0284748 -0.00733084 0.963209 0.267142 
-0.260157 -0.220955 0.283823 -0.031439 -0.00823279 0.970444 0.239128 
-0.257443 -0.226489 0.283797 -0.0308662 -0.00953308 0.988296 0.149088 
-0.256775 -0.227868 0.283731 -0.0300741 -0.00818033 0.991879 0.123307 
-0.251944 -0.233639 0.283558 -0.0382589 -0.0115703 0.999128 0.0120741 
-0.251158 -0.234097 0.283812 -0.0405128 -0.0121362 0.999091 -0.00527784 
-0.244532 -0.23904 0.284026 -0.0357284 -0.00835887 0.991247 -0.126817 
-0.239933 -0.240962 0.283688 -0.0289829 -0.00646009 0.97952 -0.199145 
-0.235804 -0.242199 0.283653 -0.0372228 -0.00926383 0.963888 -0.26353 
-0.231475 -0.242788 0.283931 -0.0290413 -0.00355382 0.944395 -0.32751 
-0.227918 -0.24294 0.283922 -0.0309722 -0.00595045 0.925653 -0.377058 
