-0.2549 -0.189299 0.284499 -0.00786789 -0.00619929 0.729398 0.684016 
-0.265856 -0.204019 0.284158 -0.0156119 -0.00326579 0.81262 0.582576 
-0.273042 -0.228769 0.283899 -0.0222967 -0.00573238 0.923945 0.381832 
-0.270756 -0.253418 0.28335 -0.0114731 -0.0105091 0.984456 0.174939 
-0.25754 -0.276115 0.284082 -0.0231154 -0.0107657 0.998395 -0.0505736 
-0.235328 -0.288456 0.283802 -0.0194094 -0.0113072 0.960541 -0.277229 
-0.210618 -0.290797 0.284039 -0.0167947 -0.00463707 0.874362 -0.484961 
-0.187214 -0.281425 0.284211 0.013115 0.00669418 -0.738367 0.674238 
-0.170652 -0.262341 0.285477 0.0131756 0.00773682 -0.564224 0.825481 
-0.16476 -0.238417 0.285628 0.00988168 0.00530382 -0.36736 0.930011 
-0.168753 -0.214456 0.285826 0.00627485 -0.00350176 -0.148505 0.988886 
-0.183045 -0.193548 0.285393 0.000487045 -0.00247379 0.0753607 0.997153 
-0.203805 -0.180547 0.285597 -0.000177171 -0.00502168 0.290686 0.956806 
-0.22896 -0.179923 0.284976 -0.00422085 -0.00585479 0.497042 0.867697 
-0.252512 -0.19193 0.28468 -0.0108445 -0.00420849 0.683148 0.730187 
-0.267385 -0.211926 0.284313 -0.00783976 -0.00697627 0.831292 0.555737 
-0.272962 -0.237939 0.283591 -0.0150219 -0.0074015 0.937867 0.346591 
-0.267852 -0.262499 0.283925 -0.0177921 -0.00788533 0.990149 0.138661 
-0.254672 -0.284523 0.283835 -0.0228342 -0.009685 0.996719 -0.0770388 
-0.231817 -0.297619 0.283708 -0.0138334 -0.00715492 0.952934 -0.302778 
-0.206354 -0.298343 0.283577 0.021449 0.0123834 -0.857736 0.513493 
-0.184464 -0.28711 0.284443 0.0136058 0.00835322 -0.721215 0.692528 
-0.169185 -0.267008 0.28524 0.00926713 0.00272951 -0.542228 0.840176 
-0.164705 -0.242899 0.285722 0.00708915 0.000502211 -0.339659 0.940522 
-0.169885 -0.218844 0.285522 0.0058714 -0.00624528 -0.121188 0.992593 
-0.183356 -0.198442 0.285382 0.00356293 -0.00910824 0.0922039 0.995692 
-0.206039 -0.187501 0.285409 -0.00010584 -0.00590789 0.31329 0.949639 
-0.231024 -0.186964 0.285012 -0.00356833 -0.00737036 0.521009 0.853512 
-0.25445 -0.200329 0.284516 -0.00987551 -0.00592706 0.700549 0.713512 
-0.267854 -0.222231 0.284248 -0.0138813 -0.00546036 0.847943 0.529878 
-0.272225 -0.246748 0.283653 -0.0276047 -0.00739832 0.944599 0.326981 
-0.266718 -0.271891 0.283939 -0.0127472 -0.00878932 0.992703 0.119586 
-0.250899 -0.291955 0.283977 -0.0235436 -0.0110461 0.993975 -0.106474 
-0.229049 -0.304006 0.283969 -0.0106648 -0.00545734 0.946192 -0.323383 
-0.202867 -0.30361 0.283588 0.0205491 0.0105668 -0.843219 0.537073 
-0.181714 -0.291471 0.284535 0.0154082 0.0109768 -0.69936 0.714519 
-0.16706 -0.270735 0.285487 0.0077305 0.00472222 -0.519207 0.8546 
-0.163814 -0.245655 0.285738 0.00698507 0.0031554 -0.314121 0.949352 
-0.170803 -0.222378 0.285758 0.00303113 -0.00532118 -0.0953245 0.995427 
-0.184395 -0.201941 0.285197 0.00308696 -0.0107618 0.119075 0.992822 
-0.208508 -0.19276 0.285433 -0.0011244 -0.00377567 0.342567 0.939485 
-0.233227 -0.196091 0.284677 -0.00325627 -0.00750254 0.545578 0.83802 
-0.255064 -0.209206 0.284562 -0.00478698 -0.00693029 0.720632 0.693266 
-0.26887 -0.232288 0.283738 -0.0148783 -0.00698011 0.863346 0.504345 
-0.271831 -0.2573 0.28385 -0.017666 -0.00682526 0.952282 0.304631 
-0.265479 -0.282178 0.283602 -0.0177133 -0.010226 0.995634 0.0910779 
-0.247158 -0.301337 0.283599 -0.016199 -0.00818676 0.990229 -0.138268 
-0.224606 -0.311257 0.28353 -0.0113099 -0.000496583 0.934856 -0.354848 
-0.199602 -0.309885 0.283213 0.020163 0.0107795 -0.8283 0.559818 
-0.179254 -0.296352 0.284694 0.0114689 0.00492966 -0.679394 0.733668 
