1500 0
1000 177.57
1020 176.632
1040 169.838
1060 162.552
1080 155.432
1100 149.048
1120 141.374
1140 134.9
1160 128.003
1180 120.618
1200 113.526
1220 106.305
1240 99.0351
1260 91.4756
1280 83.0828
1300 74.7949
1320 67.7237
1340 59.6478
1360 52.61
1380 46.6141
1400 39.2808
1420 32.07
1440 24.6924
1460 17.265
1480 10.4253
1500 2.91178
1520 4.01441
1540 10.8159
1560 18.2832
1580 25.2378
1600 32.4006
1620 39.2458
1640 46.1217
1660 53.7947
1680 59.3816
1700 65.4144
1720 72.7759
1740 80.3774
1760 88.3809
1780 94.0578
1800 102.364
1820 109.838
1840 116.606
1860 124.104
1880 131.095
1900 138.475
1920 145.24
1940 151.995
1960 158.658
1980 164.218
2000 171.995
