1500 0.068528
1000 177.669
1020 176.84
1040 169.8
1060 162.719
1080 155.629
1100 149.182
1120 141.581
1140 134.672
1160 128.579
1180 120.406
1200 113.848
1220 106.109
1240 98.7488
1260 91.0904
1280 82.9398
1300 74.1972
1320 67.4201
1340 59.2553
1360 52.238
1380 46.0305
1400 38.769
1420 31.7864
1440 24.2594
1460 16.9923
1480 9.7512
1500 2.24757
1520 4.67097
1540 11.6021
1560 18.8988
1580 25.8502
1600 32.7257
1620 39.6858
1640 46.6693
1660 53.7934
1680 59.772
1700 65.7403
1720 73.5318
1740 80.3716
1760 88.5527
1780 95.4008
1800 103.184
1820 110.725
1840 117.854
1860 125.068
1880 132.173
1900 138.594
1920 145.586
1940 152.766
1960 159.216
1980 164.68
2000 172.161
