1500 0.0559529
1000 179.963
1020 173.501
1040 166.958
1060 160.009
1080 152.776
1100 146.133
1120 137.97
1140 131.341
1160 124.479
1180 117.937
1200 110.562
1220 103.048
1240 95.9648
1260 88.1341
1280 80.3324
1300 71.5745
1320 64.799
1340 56.3798
1360 49.3817
1380 43.2236
1400 36.1447
1420 29.4047
1440 21.6081
1460 15.3204
1480 7.44988
1500 0.131221
1520 7.0534
1540 13.8192
1560 20.9677
1580 28.219
1600 35.0586
1620 42.0815
1640 48.8946
1660 56.3754
1680 62.1864
1700 68.4424
1720 76.0471
1740 82.9355
1760 90.9042
1780 97.6628
1800 105.513
1820 112.946
1840 112.946
