1500 0
1000 177.565
1020 177.007
1040 169.958
1060 162.945
1080 155.729
1100 149.251
1120 141.663
1140 134.625
1160 128.009
1180 121.34
1200 113.848
1220 106.22
1240 98.9507
1260 91.3088
1280 82.6646
1300 74.2523
1320 67.4663
1340 59.3733
1360 52.0362
1380 46.1126
1400 38.9162
1420 31.9447
1440 24.3514
1460 17.0964
1480 10.0949
1500 2.39232
1520 4.51344
1540 11.4221
1560 18.7555
1580 25.752
1600 32.9502
1620 39.5374
1640 46.5718
1660 53.7039
1680 59.6717
1700 65.6321
1720 73.2694
1740 80.2812
1760 88.3279
1780 95.1824
1800 103.175
1820 110.619
1840 117.705
1860 124.95
1880 131.935
1900 138.8
1920 145.368
1940 152.665
1960 159.098
1980 164.634
2000 172.168
