0.1504 -1.1636 0.1994 4.0000 0.0889 1.0215
0.0615 -1.1636 0.1994 4.0000 0.1430 0.8786
0.0503 -1.0211 0.1994 4.0000 0.1430 0.7356
0.0169 -0.8821 0.1994 4.0000 0.1430 0.5926
-0.0378 -0.7500 0.1994 4.0000 0.0889 0.5037
-0.1170 -0.7903 0.1994 4.0000 0.0889 0.4148
-0.1962 -0.8307 0.1994 4.0000 0.0889 0.3259
-0.2754 -0.8710 0.1994 4.0000 0.0889 0.2371
-0.3546 -0.9114 0.1994 4.0000 0.0889 0.1482
-0.4338 -0.9517 0.1994 4.0000 0.0889 0.0593
-0.5130 -0.9921 0.1994 4.0000 0.0593 0.0000
-0.5440 -0.9415 0.1994 4.0000 0.0000 0.0000
