-0.8757 0.4630 0.2052 1.0000 0.0889 1.0215
-0.8757 0.5519 0.2052 1.0000 0.1430 0.8786
-0.7332 0.5631 0.2052 1.0000 0.1430 0.7356
-0.5942 0.5965 0.2052 1.0000 0.1430 0.5926
-0.4621 0.6512 0.2052 1.0000 0.0889 0.5037
-0.5024 0.7304 0.2052 1.0000 0.0889 0.4148
-0.5428 0.8096 0.2052 1.0000 0.0889 0.3259
-0.5831 0.8888 0.2052 1.0000 0.0889 0.2371
-0.6235 0.9680 0.2052 1.0000 0.0889 0.1482
-0.6638 1.0472 0.2052 1.0000 0.0889 0.0593
-0.7042 1.1264 0.2052 1.0000 0.0593 0.0000
-0.6536 1.1574 0.2052 1.0000 0.0000 0.0000
