-0.1686 0.7559 0.2052 1.0000 0.0889 1.0215
-0.2314 0.8187 0.2052 1.0000 0.1430 0.8786
-0.1386 0.9275 0.2052 1.0000 0.1430 0.7356
-0.0639 1.0494 0.2052 1.0000 0.1430 0.5926
-0.0092 1.1815 0.2052 1.0000 0.0889 0.5037
-0.0937 1.2089 0.2052 1.0000 0.0889 0.4148
-0.1783 1.2364 0.2052 1.0000 0.0889 0.3259
-0.2628 1.2639 0.2052 1.0000 0.0889 0.2371
-0.3473 1.2913 0.2052 1.0000 0.0889 0.1482
-0.4319 1.3188 0.2052 1.0000 0.0889 0.0593
-0.5164 1.3463 0.2052 1.0000 0.0593 0.0000
-0.5026 1.4039 0.2052 1.0000 0.0000 0.0000
