0.4709 1.2780 0.2447 2.0000 0.0889 1.0215
0.5587 1.2919 0.2447 2.0000 0.1430 0.8786
0.5921 1.1529 0.2447 2.0000 0.1430 0.7356
0.6468 1.0208 0.2447 2.0000 0.1430 0.5926
0.7215 0.8989 0.2447 2.0000 0.0889 0.5037
0.7934 0.9511 0.2447 2.0000 0.0889 0.4148
0.8653 1.0034 0.2447 2.0000 0.0889 0.3259
0.9372 1.0556 0.2447 2.0000 0.0889 0.2371
1.0091 1.1079 0.2447 2.0000 0.0889 0.1482
1.0811 1.1601 0.2447 2.0000 0.0889 0.0593
1.1530 1.2123 0.2447 2.0000 0.0593 0.0000
1.1915 1.1673 0.2447 2.0000 0.0000 0.0000
