0.8663 -0.3637 0.2595 3.0000 0.0889 1.0215
0.9186 -0.4356 0.2595 3.0000 0.1430 0.8786
0.8098 -0.5284 0.2595 3.0000 0.1430 0.7356
0.7170 -0.6372 0.2595 3.0000 0.1430 0.5926
0.6423 -0.7591 0.2595 3.0000 0.0889 0.5037
0.7215 -0.7994 0.2595 3.0000 0.0889 0.4148
0.8007 -0.8398 0.2595 3.0000 0.0889 0.3259
0.8799 -0.8801 0.2595 3.0000 0.0889 0.2371
0.9591 -0.9205 0.2595 3.0000 0.0889 0.1482
1.0383 -0.9608 0.2595 3.0000 0.0889 0.0593
1.1175 -1.0012 0.2595 3.0000 0.0593 0.0000
1.0948 -1.0560 0.2595 3.0000 0.0000 0.0000
