1.1496 0.4833 0.2447 2.0000 0.0889 1.0808
1.1771 0.5679 0.2447 2.0000 0.1430 0.9378
1.0450 0.6226 0.2447 2.0000 0.1430 0.7949
0.9231 0.6973 0.2447 2.0000 0.1430 0.6519
0.8143 0.7901 0.2447 2.0000 0.0889 0.5630
0.8772 0.8530 0.2447 2.0000 0.0889 0.4741
0.9401 0.9159 0.2447 2.0000 0.0889 0.3852
1.0029 0.9787 0.2447 2.0000 0.0889 0.2963
1.0658 1.0416 0.2447 2.0000 0.0889 0.2074
1.1286 1.1044 0.2447 2.0000 0.0889 0.1186
1.1915 1.1673 0.2447 2.0000 0.0593 0.0593
1.1530 1.2123 0.2447 2.0000 0.0593 0.0000
1.1220 1.2629 0.2447 2.0000 0.0000 0.0000
