0.4664 -1.0163 0.2595 3.0000 0.0889 1.0808
0.5542 -1.0302 0.2595 3.0000 0.1430 0.9378
0.5876 -0.8912 0.2595 3.0000 0.1430 0.7949
0.6423 -0.7591 0.2595 3.0000 0.1430 0.6519
0.7170 -0.6372 0.2595 3.0000 0.0889 0.5630
0.7889 -0.6894 0.2595 3.0000 0.0889 0.4741
0.8608 -0.7417 0.2595 3.0000 0.0889 0.3852
0.9327 -0.7939 0.2595 3.0000 0.0889 0.2963
1.0046 -0.8462 0.2595 3.0000 0.0889 0.2074
1.0766 -0.8984 0.2595 3.0000 0.0889 0.1186
1.1485 -0.9506 0.2595 3.0000 0.0593 0.0593
1.1870 -0.9056 0.2595 3.0000 0.0593 0.0000
1.2320 -0.8671 0.2595 3.0000 0.0000 0.0000
