0.0153 1.0090 0.2052 1.0000 0.0889 1.0511
-0.0639 1.0494 0.2052 1.0000 0.1430 0.9082
-0.0092 1.1815 0.2052 1.0000 0.1430 0.7652
0.0242 1.3205 0.2052 1.0000 0.1430 0.6222
0.0354 1.4630 0.2052 1.0000 0.0889 0.5333
-0.0535 1.4630 0.2052 1.0000 0.0889 0.4444
-0.1424 1.4630 0.2052 1.0000 0.0889 0.3556
-0.2313 1.4630 0.2052 1.0000 0.0889 0.2667
-0.3201 1.4630 0.2052 1.0000 0.0889 0.1778
-0.4090 1.4630 0.2052 1.0000 0.0889 0.0889
-0.4979 1.4630 0.2052 1.0000 0.0889 0.0000
-0.5868 1.4630 0.2052 1.0000 0.0000 0.0000
