-0.8496 -0.1636 0.1994 4.0000 0.0889 1.0808
-0.8496 -0.2525 0.1994 4.0000 0.1430 0.9378
-0.7071 -0.2637 0.1994 4.0000 0.1430 0.7949
-0.5681 -0.2971 0.1994 4.0000 0.1430 0.6519
-0.4360 -0.3518 0.1994 4.0000 0.0889 0.5630
-0.4763 -0.4310 0.1994 4.0000 0.0889 0.4741
-0.5167 -0.5102 0.1994 4.0000 0.0889 0.3852
-0.5570 -0.5894 0.1994 4.0000 0.0889 0.2963
-0.5974 -0.6686 0.1994 4.0000 0.0889 0.2074
-0.6377 -0.7478 0.1994 4.0000 0.0889 0.1186
-0.6781 -0.8270 0.1994 4.0000 0.0593 0.0593
-0.6275 -0.8580 0.1994 4.0000 0.0593 0.0000
-0.5825 -0.8965 0.1994 4.0000 0.0000 0.0000
