0.5075 1.1254 0.2447 2.0000 0.0889 1.0215
0.5921 1.1529 0.2447 2.0000 0.1430 0.8786
0.6468 1.0208 0.2447 2.0000 0.1430 0.7356
0.7215 0.8989 0.2447 2.0000 0.1430 0.5926
0.8143 0.7901 0.2447 2.0000 0.0889 0.5037
0.8772 0.8530 0.2447 2.0000 0.0889 0.4148
0.9401 0.9159 0.2447 2.0000 0.0889 0.3259
1.0029 0.9787 0.2447 2.0000 0.0889 0.2371
1.0658 1.0416 0.2447 2.0000 0.0889 0.1482
1.1286 1.1044 0.2447 2.0000 0.0889 0.0593
1.1915 1.1673 0.2447 2.0000 0.0593 0.0000
1.2365 1.1288 0.2447 2.0000 0.0000 0.0000
