-0.7193 0.4753 0.2052 1.0000 0.0889 1.0215
-0.7332 0.5631 0.2052 1.0000 0.1430 0.8786
-0.5942 0.5965 0.2052 1.0000 0.1430 0.7356
-0.4621 0.6512 0.2052 1.0000 0.1430 0.5926
-0.3402 0.7259 0.2052 1.0000 0.0889 0.5037
-0.3924 0.7978 0.2052 1.0000 0.0889 0.4148
-0.4447 0.8697 0.2052 1.0000 0.0889 0.3259
-0.4969 0.9416 0.2052 1.0000 0.0889 0.2371
-0.5492 1.0135 0.2052 1.0000 0.0889 0.1482
-0.6014 1.0855 0.2052 1.0000 0.0889 0.0593
-0.6536 1.1574 0.2052 1.0000 0.0593 0.0000
-0.6086 1.1959 0.2052 1.0000 0.0000 0.0000
