1.2977 -0.1850 0.2595 3.0000 0.0889 1.0215
1.3116 -0.2728 0.2595 3.0000 0.1430 0.8786
1.1726 -0.3062 0.2595 3.0000 0.1430 0.7356
1.0405 -0.3609 0.2595 3.0000 0.1430 0.5926
0.9186 -0.4356 0.2595 3.0000 0.0889 0.5037
0.9708 -0.5075 0.2595 3.0000 0.0889 0.4148
1.0231 -0.5794 0.2595 3.0000 0.0889 0.3259
1.0753 -0.6513 0.2595 3.0000 0.0889 0.2371
1.1276 -0.7232 0.2595 3.0000 0.0889 0.1482
1.1798 -0.7952 0.2595 3.0000 0.0889 0.0593
1.2320 -0.8671 0.2595 3.0000 0.0593 0.0000
1.1870 -0.9056 0.2595 3.0000 0.0000 0.0000
