0.4586 1.4344 0.2447 2.0000 0.0889 1.0215
0.5475 1.4344 0.2447 2.0000 0.1430 0.8786
0.5587 1.2919 0.2447 2.0000 0.1430 0.7356
0.5921 1.1529 0.2447 2.0000 0.1430 0.5926
0.6468 1.0208 0.2447 2.0000 0.0889 0.5037
0.7260 1.0611 0.2447 2.0000 0.0889 0.4148
0.8052 1.1015 0.2447 2.0000 0.0889 0.3259
0.8844 1.1418 0.2447 2.0000 0.0889 0.2371
0.9636 1.1822 0.2447 2.0000 0.0889 0.1482
1.0428 1.2225 0.2447 2.0000 0.0889 0.0593
1.1220 1.2629 0.2447 2.0000 0.0593 0.0000
1.1530 1.2123 0.2447 2.0000 0.0000 0.0000
