1.3022 0.4467 0.2447 2.0000 0.0889 1.0808
1.3161 0.5345 0.2447 2.0000 0.1430 0.9378
1.1771 0.5679 0.2447 2.0000 0.1430 0.7949
1.0450 0.6226 0.2447 2.0000 0.1430 0.6519
0.9231 0.6973 0.2447 2.0000 0.0889 0.5630
0.9753 0.7692 0.2447 2.0000 0.0889 0.4741
1.0276 0.8411 0.2447 2.0000 0.0889 0.3852
1.0798 0.9130 0.2447 2.0000 0.0889 0.2963
1.1321 0.9849 0.2447 2.0000 0.0889 0.2074
1.1843 1.0569 0.2447 2.0000 0.0889 0.1186
1.2365 1.1288 0.2447 2.0000 0.0593 0.0593
1.1915 1.1673 0.2447 2.0000 0.0593 0.0000
1.1530 1.2123 0.2447 2.0000 0.0000 0.0000
