0.5676 0.9804 0.2447 2.0000 0.0889 1.0215
0.6468 1.0208 0.2447 2.0000 0.1430 0.8786
0.7215 0.8989 0.2447 2.0000 0.1430 0.7356
0.8143 0.7901 0.2447 2.0000 0.1430 0.5926
0.9231 0.6973 0.2447 2.0000 0.0889 0.5037
0.9753 0.7692 0.2447 2.0000 0.0889 0.4148
1.0276 0.8411 0.2447 2.0000 0.0889 0.3259
1.0798 0.9130 0.2447 2.0000 0.0889 0.2371
1.1321 0.9849 0.2447 2.0000 0.0889 0.1482
1.1843 1.0569 0.2447 2.0000 0.0889 0.0593
1.2365 1.1288 0.2447 2.0000 0.0593 0.0000
1.2871 1.0978 0.2447 2.0000 0.0000 0.0000
