0.6496 0.8466 0.2447 2.0000 0.0889 1.0215
0.7215 0.8989 0.2447 2.0000 0.1430 0.8786
0.8143 0.7901 0.2447 2.0000 0.1430 0.7356
0.9231 0.6973 0.2447 2.0000 0.1430 0.5926
1.0450 0.6226 0.2447 2.0000 0.0889 0.5037
1.0853 0.7018 0.2447 2.0000 0.0889 0.4148
1.1257 0.7810 0.2447 2.0000 0.0889 0.3259
1.1660 0.8602 0.2447 2.0000 0.0889 0.2371
1.2064 0.9394 0.2447 2.0000 0.0889 0.1482
1.2467 1.0186 0.2447 2.0000 0.0889 0.0593
1.2871 1.0978 0.2447 2.0000 0.0593 0.0000
1.3419 1.0751 0.2447 2.0000 0.0000 0.0000
