-0.6932 -0.1759 0.1994 4.0000 0.0889 1.0808
-0.7071 -0.2637 0.1994 4.0000 0.1430 0.9378
-0.5681 -0.2971 0.1994 4.0000 0.1430 0.7949
-0.4360 -0.3518 0.1994 4.0000 0.1430 0.6519
-0.3141 -0.4265 0.1994 4.0000 0.0889 0.5630
-0.3663 -0.4984 0.1994 4.0000 0.0889 0.4741
-0.4186 -0.5703 0.1994 4.0000 0.0889 0.3852
-0.4708 -0.6422 0.1994 4.0000 0.0889 0.2963
-0.5231 -0.7141 0.1994 4.0000 0.0889 0.2074
-0.5753 -0.7861 0.1994 4.0000 0.0889 0.1186
-0.6275 -0.8580 0.1994 4.0000 0.0593 0.0593
-0.5825 -0.8965 0.1994 4.0000 0.0593 0.0000
-0.5440 -0.9415 0.1994 4.0000 0.0000 0.0000
