-0.5667 0.5119 0.2052 1.0000 0.0889 1.0215
-0.5942 0.5965 0.2052 1.0000 0.1430 0.8786
-0.4621 0.6512 0.2052 1.0000 0.1430 0.7356
-0.3402 0.7259 0.2052 1.0000 0.1430 0.5926
-0.2314 0.8187 0.2052 1.0000 0.0889 0.5037
-0.2943 0.8816 0.2052 1.0000 0.0889 0.4148
-0.3572 0.9445 0.2052 1.0000 0.0889 0.3259
-0.4200 1.0073 0.2052 1.0000 0.0889 0.2371
-0.4829 1.0702 0.2052 1.0000 0.0889 0.1482
-0.5457 1.1330 0.2052 1.0000 0.0889 0.0593
-0.6086 1.1959 0.2052 1.0000 0.0593 0.0000
-0.5701 1.2409 0.2052 1.0000 0.0000 0.0000
