0.7515 0.7273 0.2447 2.0000 0.0889 1.0215
0.8143 0.7901 0.2447 2.0000 0.1430 0.8786
0.9231 0.6973 0.2447 2.0000 0.1430 0.7356
1.0450 0.6226 0.2447 2.0000 0.1430 0.5926
1.1771 0.5679 0.2447 2.0000 0.0889 0.5037
1.2045 0.6524 0.2447 2.0000 0.0889 0.4148
1.2320 0.7370 0.2447 2.0000 0.0889 0.3259
1.2595 0.8215 0.2447 2.0000 0.0889 0.2371
1.2869 0.9060 0.2447 2.0000 0.0889 0.1482
1.3144 0.9906 0.2447 2.0000 0.0889 0.0593
1.3419 1.0751 0.2447 2.0000 0.0593 0.0000
1.3995 1.0613 0.2447 2.0000 0.0000 0.0000
