-0.0667 0.8752 0.2052 1.0000 0.0889 1.0215
-0.1386 0.9275 0.2052 1.0000 0.1430 0.8786
-0.0639 1.0494 0.2052 1.0000 0.1430 0.7356
-0.0092 1.1815 0.2052 1.0000 0.1430 0.5926
0.0242 1.3205 0.2052 1.0000 0.0889 0.5037
-0.0636 1.3344 0.2052 1.0000 0.0889 0.4148
-0.1514 1.3483 0.2052 1.0000 0.0889 0.3259
-0.2392 1.3622 0.2052 1.0000 0.0889 0.2371
-0.3270 1.3761 0.2052 1.0000 0.0889 0.1482
-0.4148 1.3900 0.2052 1.0000 0.0889 0.0593
-0.5026 1.4039 0.2052 1.0000 0.0593 0.0000
-0.4979 1.4630 0.2052 1.0000 0.0000 0.0000
