1.4541 -0.1727 0.2595 3.0000 0.0889 1.0215
1.4541 -0.2616 0.2595 3.0000 0.1430 0.8786
1.3116 -0.2728 0.2595 3.0000 0.1430 0.7356
1.1726 -0.3062 0.2595 3.0000 0.1430 0.5926
1.0405 -0.3609 0.2595 3.0000 0.0889 0.5037
1.0808 -0.4401 0.2595 3.0000 0.0889 0.4148
1.1212 -0.5193 0.2595 3.0000 0.0889 0.3259
1.1615 -0.5985 0.2595 3.0000 0.0889 0.2371
1.2019 -0.6777 0.2595 3.0000 0.0889 0.1482
1.2422 -0.7569 0.2595 3.0000 0.0889 0.0593
1.2826 -0.8361 0.2595 3.0000 0.0593 0.0000
1.2320 -0.8671 0.2595 3.0000 0.0000 0.0000
