0.7470 -0.4656 0.2595 3.0000 0.0889 1.0215
0.8098 -0.5284 0.2595 3.0000 0.1430 0.8786
0.7170 -0.6372 0.2595 3.0000 0.1430 0.7356
0.6423 -0.7591 0.2595 3.0000 0.1430 0.5926
0.5876 -0.8912 0.2595 3.0000 0.0889 0.5037
0.6721 -0.9186 0.2595 3.0000 0.0889 0.4148
0.7567 -0.9461 0.2595 3.0000 0.0889 0.3259
0.8412 -0.9736 0.2595 3.0000 0.0889 0.2371
0.9257 -1.0010 0.2595 3.0000 0.0889 0.1482
1.0103 -1.0285 0.2595 3.0000 0.0889 0.0593
1.0948 -1.0560 0.2595 3.0000 0.0593 0.0000
1.0810 -1.1136 0.2595 3.0000 0.0000 0.0000
