-0.2879 0.6540 0.2052 1.0000 0.0889 1.0215
-0.3402 0.7259 0.2052 1.0000 0.1430 0.8786
-0.2314 0.8187 0.2052 1.0000 0.1430 0.7356
-0.1386 0.9275 0.2052 1.0000 0.1430 0.5926
-0.0639 1.0494 0.2052 1.0000 0.0889 0.5037
-0.1431 1.0897 0.2052 1.0000 0.0889 0.4148
-0.2223 1.1301 0.2052 1.0000 0.0889 0.3259
-0.3015 1.1704 0.2052 1.0000 0.0889 0.2371
-0.3807 1.2108 0.2052 1.0000 0.0889 0.1482
-0.4599 1.2511 0.2052 1.0000 0.0889 0.0593
-0.5391 1.2915 0.2052 1.0000 0.0593 0.0000
-0.5164 1.3463 0.2052 1.0000 0.0000 0.0000
