0.1381 -1.0072 0.1994 4.0000 0.0889 1.0215
0.0503 -1.0211 0.1994 4.0000 0.1430 0.8786
0.0169 -0.8821 0.1994 4.0000 0.1430 0.7356
-0.0378 -0.7500 0.1994 4.0000 0.1430 0.5926
-0.1125 -0.6281 0.1994 4.0000 0.0889 0.5037
-0.1844 -0.6803 0.1994 4.0000 0.0889 0.4148
-0.2563 -0.7326 0.1994 4.0000 0.0889 0.3259
-0.3282 -0.7848 0.1994 4.0000 0.0889 0.2371
-0.4001 -0.8371 0.1994 4.0000 0.0889 0.1482
-0.4721 -0.8893 0.1994 4.0000 0.0889 0.0593
-0.5440 -0.9415 0.1994 4.0000 0.0593 0.0000
-0.5825 -0.8965 0.1994 4.0000 0.0000 0.0000
