-0.4217 0.5720 0.2052 1.0000 0.0889 1.0215
-0.4621 0.6512 0.2052 1.0000 0.1430 0.8786
-0.3402 0.7259 0.2052 1.0000 0.1430 0.7356
-0.2314 0.8187 0.2052 1.0000 0.1430 0.5926
-0.1386 0.9275 0.2052 1.0000 0.0889 0.5037
-0.2105 0.9797 0.2052 1.0000 0.0889 0.4148
-0.2824 1.0320 0.2052 1.0000 0.0889 0.3259
-0.3543 1.0842 0.2052 1.0000 0.0889 0.2371
-0.4262 1.1365 0.2052 1.0000 0.0889 0.1482
-0.4982 1.1887 0.2052 1.0000 0.0889 0.0593
-0.5701 1.2409 0.2052 1.0000 0.0593 0.0000
-0.5391 1.2915 0.2052 1.0000 0.0000 0.0000
