0.5030 -0.8637 0.2595 3.0000 0.0889 1.0808
0.5876 -0.8912 0.2595 3.0000 0.1430 0.9378
0.6423 -0.7591 0.2595 3.0000 0.1430 0.7949
0.7170 -0.6372 0.2595 3.0000 0.1430 0.6519
0.8098 -0.5284 0.2595 3.0000 0.0889 0.5630
0.8727 -0.5913 0.2595 3.0000 0.0889 0.4741
0.9356 -0.6542 0.2595 3.0000 0.0889 0.3852
0.9984 -0.7170 0.2595 3.0000 0.0889 0.2963
1.0613 -0.7799 0.2595 3.0000 0.0889 0.2074
1.1241 -0.8427 0.2595 3.0000 0.0889 0.1186
1.1870 -0.9056 0.2595 3.0000 0.0593 0.0593
1.2320 -0.8671 0.2595 3.0000 0.0593 0.0000
1.2826 -0.8361 0.2595 3.0000 0.0000 0.0000
