-0.2618 -0.3546 0.1994 4.0000 0.0889 1.0215
-0.3141 -0.4265 0.1994 4.0000 0.1430 0.8786
-0.4360 -0.3518 0.1994 4.0000 0.1430 0.7356
-0.5681 -0.2971 0.1994 4.0000 0.1430 0.5926
-0.7071 -0.2637 0.1994 4.0000 0.0889 0.5037
-0.7210 -0.3515 0.1994 4.0000 0.0889 0.4148
-0.7349 -0.4393 0.1994 4.0000 0.0889 0.3259
-0.7488 -0.5271 0.1994 4.0000 0.0889 0.2371
-0.7627 -0.6149 0.1994 4.0000 0.0889 0.1482
-0.7766 -0.7027 0.1994 4.0000 0.0889 0.0593
-0.7905 -0.7905 0.1994 4.0000 0.0593 0.0000
-0.8496 -0.7858 0.1994 4.0000 0.0000 0.0000
