0.8708 0.6254 0.2447 2.0000 0.0889 1.0215
0.9231 0.6973 0.2447 2.0000 0.1430 0.8786
1.0450 0.6226 0.2447 2.0000 0.1430 0.7356
1.1771 0.5679 0.2447 2.0000 0.1430 0.5926
1.3161 0.5345 0.2447 2.0000 0.0889 0.5037
1.3300 0.6223 0.2447 2.0000 0.0889 0.4148
1.3439 0.7101 0.2447 2.0000 0.0889 0.3259
1.3578 0.7979 0.2447 2.0000 0.0889 0.2371
1.3717 0.8857 0.2447 2.0000 0.0889 0.1482
1.3856 0.9735 0.2447 2.0000 0.0889 0.0593
1.3995 1.0613 0.2447 2.0000 0.0593 0.0000
1.4586 1.0566 0.2447 2.0000 0.0000 0.0000
