0 0.319472 1.48626 0.293806 -0.00218371 -0.0101617 -0.333061 0.942848 
10.1949 0.226106 1.38482 0.293336 -0.0272933 0.00206065 0.893953 -0.447324 
16.758 0.247167 1.31081 0.29437 -0.0273754 0.0166574 0.893009 -0.448896 
22.7834 0.224412 1.2693 0.294038 -0.0199902 0.0126666 0.888297 -0.458659 
30.4995 0.304681 1.19879 0.296025 -0.0366865 0.0183001 0.940207 -0.338128 
35.2889 0.309584 1.19092 0.296683 -0.0452213 0.0145023 0.934854 -0.351842 
38.9123 0.368966 1.09572 0.299252 -0.0434671 0.0183287 0.98443 -0.16933 
43.7853 0.431837 0.974028 0.301963 -0.0411323 0.0168129 0.994734 -0.0923568 
60.9349 0.639018 1.2376 0.302319 -0.00544916 0.00746167 0.205856 0.978539 
75.2237 0.627129 1.19883 0.301615 -0.0119368 0.0169517 0.20563 0.97841 
80.7762 0.66092 1.20798 0.302185 -0.00575896 0.0174028 0.214434 0.976566 
93.5474 0.65216 1.29222 0.301196 0.00777145 0.00182968 0.0872633 0.996153 
100.765 0.680108 1.31182 0.302081 0.00186268 0.00291442 0.0854383 0.996337 
105.528 0.718391 1.3345 0.303106 -0.00450984 0.0103109 0.0747695 0.997137 
112.49 0.717517 1.40868 0.30194 0.0130391 -0.00130642 -0.0496277 0.998682 
134.595 0.948699 0.709026 0.312881 0.0110574 -0.0131964 -0.641139 0.767231 
147.196 0.933576 0.742348 0.311213 0.0128049 0.0125314 -0.644537 0.764363 
154.491 0.922747 0.666037 0.31138 0.0312189 0.0128398 -0.638892 0.768556 
166.227 0.810083 0.614882 0.30988 0.0384832 0.0121608 -0.544007 0.838109 
188.329 0.837995 0.60269 0.30978 0.0244335 0.0279237 -0.544833 0.837723 
194.494 0.739929 0.536645 0.306298 0.00806973 0.0151658 -0.4335 0.90099 
201.067 0.747836 0.501488 0.30744 0.0123022 0.00284376 -0.434586 0.900542 
233.864 0.878101 -0.601089 0.304053 0.0281346 -0.00231475 -0.742924 0.66878 
239.266 0.943343 -0.625448 0.305834 0.0439676 0.0116065 -0.741142 0.669806 
246.097 0.942371 -0.673884 0.305762 0.0170435 -0.0111436 -0.735996 0.676679 
255.151 0.849483 -0.673506 0.301985 0.0237478 0.0386971 -0.647794 0.760461 
262.317 0.840865 -0.727521 0.302076 0.020032 0.0266774 -0.653269 0.75639 
268.626 0.763121 -0.769875 0.300292 0.00935729 0.0144766 -0.537958 0.842795 
275.218 0.760046 -0.8089 0.30136 0.0136513 0.00617801 -0.54522 0.838159 
