0 0 0 0 0 0 0 
0.163444 1.33804 0.29149 -0.234776 -0.674246 0.683663 0.151253 
0.18466 1.2638 0.29292 -0.240291 -0.666584 0.691053 0.142727 
0.162922 1.22095 0.293641 -0.227252 -0.667853 0.69462 0.140826 
0.232824 1.16806 0.292763 -0.324227 -0.638775 0.662225 0.219774 
0.238732 1.15809 0.292094 -0.317738 -0.648888 0.659513 0.207436 
0.291006 1.09147 0.294466 -0.433293 -0.580637 0.605524 0.329332 
0.354145 0.981913 0.297443 -0.47449 -0.547587 0.576174 0.378195 
0.716587 1.24761 0.303523 -0.592192 0.381627 -0.336122 0.625053 
0.70471 1.20882 0.301419 -0.59994 0.383897 -0.334684 0.616994 
0.73831 1.21935 0.301833 -0.600182 0.38172 -0.325741 0.622867 
0.72987 1.28346 0.302975 -0.532663 0.451995 -0.40555 0.589491 
0.757788 1.3028 0.303876 -0.535596 0.450867 -0.409009 0.585293 
0.795879 1.32385 0.303977 -0.537635 0.457668 -0.414706 0.574028 
0.789949 1.3792 0.30376 -0.462167 0.521702 -0.480759 0.532071 
0.940199 0.631293 0.314886 0.0518688 -0.693086 0.705629 -0.137944 
0.924462 0.66466 0.310761 -0.0596486 0.708258 -0.692591 0.123004 
0.914728 0.588281 0.308504 -0.0545453 0.716167 -0.682201 0.136863 
0.820446 0.537429 0.306371 -0.131405 0.706426 -0.658903 0.222583 
0.848194 0.525212 0.306336 -0.145764 0.708829 -0.658295 0.207273 
0.769484 0.464222 0.305991 -0.235017 0.670357 -0.6407 0.291362 
0.777193 0.428987 0.308118 -0.226271 0.665862 -0.645104 0.298781 
0.848248 -0.673375 0.302539 0.0513538 0.70879 -0.702397 0.0402256 
0.913851 -0.697746 0.301149 0.0522505 0.723331 -0.687203 0.042589 
0.914001 -0.746778 0.306437 -0.0420094 -0.699321 0.712049 -0.0465998 
0.839563 -0.750987 0.297864 -0.0621451 0.727334 -0.674242 0.111895 
0.829913 -0.804929 0.299482 -0.0539439 0.719737 -0.683153 0.111225 
0.774667 -0.84724 0.300001 -0.153745 0.693614 -0.670939 0.212378 
0.770237 -0.886455 0.301409 -0.141701 0.692348 -0.674782 0.212707 
